	Lattice depth (Er)	Lattice depth (uK)	Excitation freq. min (Hz)	Excitation freq. max (Hz)	Excitation freq. (Hz)
0	0.0	0.0	346.2887579073529	692.5775158147057	346.2887579073529
1	2.5	0.41981131772774066	3198.349792407418	3198.4471948666132	3198.349792407418
2	5.0	0.8396226354554813	4648.047250868075	4648.047342117712	4648.047250868075
3	7.5	1.259433953183222	5757.502260528652	5757.502260858625	5757.502260528652
4	10.0	1.6792452709109627	6691.962565488467	6691.962565491133	6691.962565488575
5	12.5	2.0990565886387036	7514.854530379452	7514.854530379651	7514.854530379629
6	15.0	2.518867906366444	8258.595167121875	8258.595167122086	8258.595167122006
7	17.5	2.9386792240941846	8942.405462020735	8942.405462021032	8942.405462020844
8	20.0	3.3584905418219253	9578.794016030577	9578.794016030884	9578.794016030704
9	22.5	3.7783018595496656	10176.44216187121	10176.442161871551	10176.442161871419
10	25.0	4.198113177277407	10741.666898134938	10741.666898135481	10741.66689813529
11	27.5	4.6179244950051475	11279.23484003345	11279.234840033856	11279.234840033632
12	30.0	5.037735812732888	11792.847819448882	11792.847819449305	11792.847819449104
13	32.5	5.457547130460628	12285.448837751137	12285.448837751606	12285.448837751406
14	35.0	5.877358448188369	12759.423486000733	12759.423486001193	12759.4234860009
15	37.5	6.297169765916109	13216.737429889055	13216.737429889528	13216.737429889477
16	40.0	6.716981083643851	13659.033142484617	13659.033142485267	13659.033142485054
17	42.5	7.136792401371592	14087.69974305963	14087.699743060259	14087.699743060059
18	45.0	7.556603719099331	14503.924552746936	14503.924552747845	14503.924552747134
19	47.5	7.976415036827073	14908.731897601408	14908.731897602005	14908.73189760187
20	50.0	8.396226354554814	15303.012814894768	15303.012814895561	15303.01281489506
21	52.5	8.816037672282553	15687.548140879975	15687.548140880723	15687.548140880363
22	55.0	9.235848990010295	16063.026697792153	16063.026697792957	16063.026697792755
23	57.5	9.655660307738035	16430.059794578905	16430.059794580015	16430.05979457936
24	60.0	10.075471625465775	16789.192915409516	16789.19291541026	16789.19291540967
25	62.5	10.495282943193516	17140.915235152417	17140.9152351532	17140.915235153014
26	65.0	10.915094260921256	17485.667436105705	17485.667436106763	17485.667436106316
27	67.5	11.334905578648996	17823.848182558162	17823.84818255923	17823.84818255923
28	70.0	11.754716896376738	18155.819524549304	18155.819524550203	18155.819524549654
29	72.5	12.174528214104477	18481.911439643107	18481.91143964402	18481.911439643554
30	75.0	12.594339531832219	18802.42567503793	18802.42567503925	18802.425675038594
31	77.5	13.01415084955996	19117.639017411348	19117.63901741231	19117.639017411602
32	80.0	13.433962167287701	19427.80609134833	19427.806091349594	19427.806091349063
33	82.5	13.853773485015441	19733.16176685987	19733.161766860896	19733.161766860147
34	85.0	14.273584802743184	20033.92324072148	20033.92324072253	20033.923240722033
35	87.5	14.693396120470922	20330.29184407923	20330.29184408089	20330.291844080042
36	90.0	15.113207438198662	20622.454619077253	20622.454619078497	20622.454619077915
37	92.5	15.533018755926403	20910.5856995811	20910.58569958233	20910.585699581326
38	95.0	15.952830073654146	21194.847524965047	21194.84752496683	21194.847524966634
39	97.5	16.372641391381887	21475.391910976676	21475.391910978284	21475.391910977363
40	100.0	16.79245270910963	21752.360997728316	21752.360997729593	21752.360997729156
41	102.5	17.212264026837367	22025.888091624176	22025.888091625962	22025.88809162543
42	105.0	17.632075344565106	22296.098415373388	22296.09841537469	22296.098415374177
43	107.5	18.05188666229285	22563.109778057224	22563.109778058475	22563.109778057587
44	110.0	18.47169798002059	22827.033175439654	22827.03317544103	22827.03317544047
45	112.5	18.89150929774833	23087.973329183962	23087.973329185184	23087.973329184708
46	115.0	19.31132061547607	23346.029172412367	23346.02917241385	23346.029172413186
47	117.5	19.731131933203812	23601.2942879956	23601.294287997134	23601.294287996585
48	120.0	20.15094325093155	23853.85730507306	23853.857305074613	23853.857305073587
49	122.5	20.570754568659293	24103.802258572952	24103.80225857427	24103.802258573796
50	125.0	20.99056588638703	24351.20891586342	24351.208915864885	24351.20891586426
51	127.5	21.410377204114774	24596.15307413681	24596.1530741381	24596.15307413744
52	130.0	21.830188521842512	24838.70683166851	24838.706831670122	24838.706831668973
53	132.5	22.249999839570254	25078.938835701163	25078.9388357024	25078.9388357017
54	135.0	22.669811157297993	25316.91450937138	25316.914509372815	25316.91450937238
55	137.5	23.089622475025735	25552.69625980547	25552.696259806547	25552.696259805947
56	140.0	23.509433792753477	25786.343669254955	25786.343669256003	25786.343669254955
57	142.5	23.929245110481215	26017.913670938535	26017.91367093976	26017.913670939455
58	145.0	24.349056428208954	26247.460711054176	26247.46071105541	26247.4607110545
59	147.5	24.7688677459367	26475.036898269267	26475.036898270402	26475.036898270133
60	150.0	25.188679063664438	26700.6921418545	26700.692141855914	26700.69214185532
61	152.5	25.608490381392176	26924.474279495367	26924.47427949654	26924.474279496237
62	155.0	26.02830169911992	27146.429195709894	27146.429195711287	27146.42919571123
63	157.5	26.448113016847664	27366.600931702957	27366.600931704237	27366.60093170326
64	160.0	26.867924334575402	27585.03178740145	27585.031787402615	27585.031787401756
65	162.5	27.287735652303144	27801.762416341273	27801.762416342543	27801.762416342022
66	165.0	27.707546970030883	28016.831914007922	28016.83191400928	28016.831914007922
67	167.5	28.127358287758625	28230.27790017339	28230.27790017475	28230.2779001739
68	170.0	28.547169605486367	28442.136595723576	28442.13659572508	28442.136595724656
69	172.5	28.966980923214106	28652.442894417356	28652.442894418917	28652.44289441788
70	175.0	29.386792240941844	28861.23042997984	28861.23042998106	28861.230429980715
71	177.5	29.806603558669586	29068.531638899414	29068.53163890071	29068.53163890057
72	180.0	30.226414876397325	29274.37781925521	29274.377819256682	29274.377819255616
73	182.5	30.646226194125067	29478.799185880765	29478.79918588175	29478.799185881428
74	185.0	31.066037511852805	29681.824922135398	29681.824922136773	29681.8249221359
75	187.5	31.485848829580547	29883.483228540834	29883.4832285422	29883.483228541638
76	190.0	31.905660147308293	30083.801368505567	30083.80136850676	30083.801368506487
77	192.5	32.32547146503603	30282.80571135027	30282.805711351404	30282.80571135027
78	195.0	32.74528278276377	30480.52177282715	30480.521772828415	30480.521772828197
79	197.5	33.16509410049151	30676.974253309327	30676.97425331062	30676.974253309694
80	200.0	33.58490541821926	30872.187073807036	30872.187073808564	30872.187073807905
81	202.5	34.00471673594699	31066.183409970177	31066.183409971403	31066.18340997072
82	205.0	34.424528053674734	31258.985724200218	31258.985724201553	31258.98572420095
83	207.5	34.84433937140248	31450.615796010632	31450.615796011763	31450.615796011167
84	210.0	35.26415068913021	31641.094750741773	31641.09475074313	31641.094750741882
85	212.5	35.68396200685795	31830.443086744363	31830.443086745843	31830.443086744872
86	215.0	36.1037733245857	32018.680701125282	32018.6807011268	32018.680701125657
87	217.5	36.52358464231344	32205.826914152763	32205.826914154302	32205.82691415367
88	220.0	36.94339596004118	32391.90049239921	32391.900492400862	32391.900492400408
89	222.5	37.363207277768915	32576.919670706335	32576.919670707615	32576.919670707175
90	225.0	37.78301859549666	32760.902173040773	32760.902173042265	32760.902173041617
91	227.5	38.2028299132244	32943.86523231243	32943.865232314194	32943.86523231325
92	230.0	38.62264123095214	33125.82560921047	33125.825609212094	33125.82560921095
93	232.5	39.04245254867988	33306.79961012476	33306.79961012639	33306.79961012623
94	235.0	39.462263866407625	33486.803104199535	33486.803104201375	33486.80310420023
95	237.5	39.88207518413536	33665.851539575815	33665.85153957769	33665.85153957625
96	240.0	40.3018865018631	33843.95995886129	33843.959958862804	33843.95995886197
97	242.5	40.72169781959084	34021.143013881505	34021.143013883164	34021.14301388219
98	245.0	41.141509137318586	34197.4149797465	34197.41497974798	34197.414979747664
99	247.5	41.56132045504633	34372.78976827229	34372.78976827388	34372.789768273105
100	250.0	41.98113177277406	34547.28094079526	34547.280940796794	34547.280940796176
101	252.5	42.400943090501805	34720.90172041005	34720.901720411544	34720.90172041005
102	255.0	42.82075440822955	34893.66500366365	34893.665003665374	34893.66500366434
103	257.5	43.24056572595728	35065.583371736306	35065.58337173814	35065.5833717372
104	260.0	43.660377043685024	35236.66910113133	35236.6691011327	35236.6691011318
105	262.5	44.080188361412766	35406.93417390774	35406.93417390941	35406.93417390876
106	265.0	44.49999967914051	35576.39028747274	35576.39028747434	35576.39028747331
107	267.5	44.91981099686825	35745.048863959586	35745.048863961216	35745.04886396034
108	270.0	45.339622314595985	35912.92105921336	35912.92105921457	35912.92105921438
109	272.5	45.75943363232373	36080.0177714004	36080.0177714021	36080.0177714004
110	275.0	46.17924495005147	36246.34964926634	36246.34964926778	36246.34964926734
111	277.5	46.59905626777921	36411.92710005444	36411.92710005591	36411.92710005444
112	280.0	47.01886758550695	36576.76029710571	36576.76029710686	36576.76029710667
113	282.5	47.43867890323469	36740.859187150716	36740.85918715224	36740.85918715153
114	285.0	47.85849022096243	36904.23349731747	36904.23349731916	36904.233497318804
115	287.5	48.27830153869017	37066.89274185737	37066.89274185898	37066.89274185821
116	290.0	48.69811285641791	37228.8462286109	37228.846228612936	37228.84622861171
117	292.5	49.11792417414566	37390.10306522459	37390.10306522617	37390.10306522526
118	295.0	49.5377354918734	37550.67216512679	37550.672165128206	37550.67216512749
119	297.5	49.95754680960113	37710.56225327645	37710.562253277894	37710.5622532775
120	300.0	50.377358127328876	37869.781871697014	37869.78187169863	37869.78187169786
121	302.5	50.79716944505661	38028.33938480035	38028.339384801846	38028.33938480117
122	305.0	51.21698076278435	38186.24298451477	38186.2429845165	38186.24298451558
123	307.5	51.636792080512095	38343.50069522456	38343.500695226096	38343.50069522488
124	310.0	52.05660339823984	38500.12037852709	38500.120378528605	38500.12037852768
125	312.5	52.47641471596758	38656.10973781947	38656.109737821185	38656.1097378204
126	315.0	52.89622603369533	38811.47632272099	38811.476322722534	38811.47632272233
127	317.5	53.31603735142306	38966.22753333527	38966.22753333696	38966.22753333636
128	320.0	53.735848669150805	39120.37062436414	39120.37062436555	39120.37062436483
129	322.5	54.15565998687854	39273.912709075244	39273.91270907692	39273.91270907638
130	325.0	54.57547130460629	39426.86076313436	39426.860763136	39426.86076313563
131	327.5	54.99528262233403	39579.22162830067	39579.22162830244	39579.221628301006
132	330.0	55.415093940061766	39731.002016000384	39731.00201600233	39731.00201600077
133	332.5	55.83490525778951	39882.20851077607	39882.20851077747	39882.20851077646
134	335.0	56.25471657551725	40032.84757361752	40032.84757361897	40032.847573618375
135	337.5	56.674527893244985	40182.925545186445	40182.925545188264	40182.925545188016
136	340.0	57.094339210972734	40332.44864892999	40332.448648931415	40332.448648930804
137	342.5	57.51415052870047	40481.422994088796	40481.42299409077	40481.42299408948
138	345.0	57.93396184642821	40629.85457861508	40629.85457861679	40629.854578615326
139	347.5	58.35377316415595	40777.74929198567	40777.749291987246	40777.749291986336
140	350.0	58.77358448188369	40925.11291793147	40925.11291793377	40925.11291793228
141	352.5	59.19339579961143	41071.95113707587	41071.95113707774	41071.951137076605
142	355.0	59.61320711733917	41218.26952949015	41218.26952949183	41218.26952949152
143	357.5	60.03301843506691	41364.07357716677	41364.07357716911	41364.0735771676
144	360.0	60.45282975279465	41509.36866641841	41509.36866642029	41509.36866641932
145	362.5	60.872641070522384	41654.16009019634	41654.16009019816	41654.160090197525
146	365.0	61.29245238825013	41798.45305034253	41798.453050345146	41798.45305034425
147	367.5	61.71226370597788	41942.252659770915	41942.25265977359	41942.25265977251
148	370.0	62.13207502370561	42085.56394458054	42085.56394458259	42085.56394458164
149	372.5	62.55188634143336	42228.39184610296	42228.391846105085	42228.39184610396
150	375.0	62.971697659161094	42370.74122289373	42370.74122289583	42370.74122289432
151	377.5	63.39150897688884	42512.61685265942	42512.61685266134	42512.616852660605
152	380.0	63.811320294616586	42654.02343412993	42654.02343413188	42654.0234341313
153	382.5	64.23113161234431	42794.965588871135	42794.965588872794	42794.96558887154
154	385.0	64.65094293007206	42935.447863049965	42935.44786305281	42935.4478630514
155	387.5	65.0707542477998	43075.47472914648	43075.474729149006	43075.47472914813
156	390.0	65.49056556552755	43215.050587612604	43215.05058761459	43215.05058761313
157	392.5	65.91037688325527	43354.17976848446	43354.17976848669	43354.17976848519
158	395.0	66.33018820098302	43492.86653295492	43492.866532957	43492.866532955515
159	397.5	66.74999951871077	43631.11507489219	43631.11507489432	43631.115074892805
160	400.0	67.16981083643851	43768.9295223212	43768.92952232318	43768.929522322454
161	402.5	67.58962215416625	43906.31393886104	43906.31393886333	43906.31393886178
162	405.0	68.00943347189398	44043.27232512438	44043.2723251263	44043.27232512531
163	407.5	68.42924478962172	44179.808620073665	44179.80862007706	44179.80862007576
164	410.0	68.84905610734947	44315.926702349396	44315.92670235195	44315.92670235117
165	412.5	69.2688674250772	44451.63039154697	44451.63039154898	44451.630391547194
166	415.0	69.68867874280495	44586.92344947422	44586.92344947644	44586.92344947504
167	417.5	70.10849006053269	44721.80958136437	44721.80958136652	44721.8095813655
168	420.0	70.52830137826042	44856.29243706242	44856.29243706517	44856.29243706381
169	422.5	70.94811269598816	44990.37561217684	44990.37561217912	44990.375612177115
170	425.0	71.3679240137159	45124.06264920019	45124.06264920204	45124.06264920162
171	427.5	71.78773533144366	45257.35703860041	45257.35703860261	45257.35703860143
172	430.0	72.2075466491714	45390.2622198881	45390.26221989009	45390.26221988945
173	432.5	72.62735796689913	45522.781582647425	45522.781582650285	45522.78158264993
174	435.0	73.04716928462688	45654.91846754986	45654.9184675519	45654.91846755122
175	437.5	73.46698060235461	45786.67616732925	45786.676167331505	45786.67616733088
176	440.0	73.88679192008236	45918.05792774834	45918.05792775096	45918.05792774958
177	442.5	74.3066032378101	46049.06694852449	46049.06694852621	46049.06694852509
178	445.0	74.72641455553783	46179.70638424089	46179.706384243385	46179.70638424273
179	447.5	75.14622587326556	46309.97934523681	46309.97934523929	46309.97934523819
180	450.0	75.56603719099331	46439.888898465964	46439.88889846778	46439.88889846633
181	452.5	75.98584850872105	46569.43806834035	46569.43806834278	46569.4380683414
182	455.0	76.4056598264488	46698.62983755541	46698.629837558525	46698.62983755683
183	457.5	76.82547114417653	46827.467147886025	46827.46714788894	46827.467147887495
184	460.0	77.24528246190428	46955.952900974626	46955.95290097664	46955.9529009756
185	462.5	77.66509377963202	47084.08995908423	47084.08995908671	47084.0899590856
186	465.0	78.08490509735977	47211.88114585307	47211.88114585535	47211.88114585453
187	467.5	78.5047164150875	47339.329247012334	47339.32924701436	47339.32924701307
188	470.0	78.92452773281525	47466.43701109853	47466.43701110059	47466.4370110991
189	472.5	79.34433905054297	47593.207150144786	47593.20715014746	47593.20715014623
190	475.0	79.76415036827072	47719.642340356506	47719.64234035923	47719.64234035784
191	477.5	80.18396168599845	47845.745222767786	47845.745222770805	47845.745222770005
192	480.0	80.6037730037262	47971.51840388776	47971.51840389019	47971.51840388776
193	482.5	81.02358432145394	48096.96445632856	48096.96445633121	48096.96445633112
194	485.0	81.44339563918167	48222.085919418256	48222.08591942122	48222.08591941992
195	487.5	81.86320695690941	48346.88529980405	48346.88529980635	48346.88529980524
196	490.0	82.28301827463717	48471.36507203193	48471.365072034685	48471.36507203356
197	492.5	82.7028295923649	48595.52767912551	48595.52767912802	48595.52767912715
198	495.0	83.12264091009266	48719.375533141254	48719.37553314367	48719.37553314324
199	497.5	83.54245222782039	48842.911015718055	48842.91101572061	48842.91101572007
200	500.0	83.96226354554813	48966.13647860862	48966.1364786121	48966.13647861037
201	502.5	84.38207486327588	49089.054244205596	49089.05424420838	49089.05424420696
202	505.0	84.80188618100361	49211.666606048006	49211.66660605039	49211.66660604965
203	507.5	85.22169749873136	49333.97582932412	49333.97582932608	49333.97582932579
204	510.0	85.6415088164591	49455.9841513571	49455.98415135964	49455.98415135828
205	512.5	86.06132013418683	49577.693782084956	49577.69378208729	49577.6937820855
206	515.0	86.48113145191456	49699.106904525106	49699.1069045282	49699.10690452746
207	517.5	86.90094276964231	49820.2256752338	49820.225675236434	49820.22567523609
208	520.0	87.32075408737005	49941.052224751285	49941.052224753774	49941.05222475223
209	522.5	87.74056540509781	50061.588658038076	50061.58865804041	50061.58865803867
210	525.0	88.16037672282553	50181.83705490477	50181.837054908014	50181.83705490668
211	527.5	88.58018804055328	50301.79947043232	50301.79947043528	50301.799470433834
212	530.0	88.99999935828102	50421.4779353772	50421.47793537993	50421.4779353794
213	532.5	89.41981067600877	50540.87445657571	50540.87445657884	50540.874456576996
214	535.0	89.8396219937365	50659.991017336164	50659.99101733968	50659.99101733802
215	537.5	90.25943331146424	50778.82957782356	50778.82957782638	50778.82957782495
216	540.0	90.67924462919197	50897.39207543303	50897.392075435986	50897.39207543495
217	542.5	91.09905594691972	51015.68042516417	51015.68042516814	51015.680425166
218	545.0	91.51886726464745	51133.69651997528	51133.69651997835	51133.69651997641
219	547.5	91.9386785823752	51251.442231140914	51251.44223114456	51251.442231142726
220	550.0	92.35848990010294	51368.91940859843	51368.919408601665	51368.919408600676
221	552.5	92.77830121783067	51486.12988128503	51486.129881288034	51486.12988128582
222	555.0	93.19811253555842	51603.07545746981	51603.075457472754	51603.07545747083
223	557.5	93.61792385328617	51719.75792508097	51719.75792508431	51719.75792508269
224	560.0	94.0377351710139	51836.179052023945	51836.17905202653	51836.17905202515
225	562.5	94.45754648874166	51952.34058649296	51952.34058649589	51952.34058649476
226	565.0	94.87735780646938	52068.244257281025	52068.2442572842	52068.24425728249
227	567.5	95.29716912419713	52183.89177407447	52183.89177407723	52183.89177407599
228	570.0	95.71698044192486	52299.28482775079	52299.28482775358	52299.284827753
229	572.5	96.13679175965261	52414.425090667006	52414.42509066983	52414.42509066838
230	575.0	96.55660307738034	52529.31421694154	52529.31421694543	52529.31421694413
231	577.5	96.97641439510808	52643.953842732306	52643.95384273575	52643.953842734285
232	580.0	97.39622571283581	52758.34558650729	52758.34558651016	52758.345586508985
233	582.5	97.81603703056356	52872.49104931233	52872.49104931535	52872.491049314114
234	585.0	98.23584834829131	52986.39181503066	52986.39181503424	52986.39181503118
235	587.5	98.65565966601906	53100.04945064353	53100.04945064802	53100.049450645485
236	590.0	99.0754709837468	53213.465506477296	53213.465506480046	53213.46550647898
237	592.5	99.49528230147453	53326.64151645061	53326.641516454765	53326.641516452204
238	595.0	99.91509361920227	53439.57899832119	53439.57899832417	53439.578998323064
239	597.5	100.33490493693002	53552.27945391642	53552.27945391988	53552.279453918076
240	600.0	100.75471625465775	53664.74436937173	53664.74436937446	53664.744369372755
241	602.5	101.1745275723855	53776.975215356164	53776.97521535979	53776.97521535745
242	605.0	101.59433889011322	53888.97344729838	53888.97344730113	53888.97344730012
243	607.5	102.01415020784097	54000.74050560621	54000.74050560993	54000.74050560771
244	610.0	102.4339615255687	54112.2778158824	54112.277815886635	54112.27781588402
245	612.5	102.85377284329645	54223.586789138564	54223.58678914204	54223.58678914128
246	615.0	103.27358416102419	54334.66882200175	54334.66882200615	54334.66882200329
247	617.5	103.69339547875194	54445.5252969191	54445.52529692214	54445.52529692054
248	620.0	104.11320679647967	54556.15758235712	54556.15758236166	54556.15758235897
249	622.5	104.53301811420742	54666.56703300359	54666.56703300899	54666.567033005354
250	625.0	104.95282943193516	54776.754989955676	54776.75498995864	54776.754989957015
251	627.5	105.3726407496629	54886.72278091324	54886.722780916185	54886.72278091523
252	630.0	105.79245206739066	54996.47172036314	54996.471720367	54996.4717203657
253	632.5	106.21226338511838	55106.003109766505	55106.00310977054	55106.00310976908
254	635.0	106.63207470284613	55215.31823773556	55215.31823773892	55215.3182377361
255	637.5	107.05188602057386	55324.41838020787	55324.41838021126	55324.41838020803
256	640.0	107.47169733830161	55433.30480062763	55433.304800630955	55433.30480062926
257	642.5	107.89150865602934	55541.97875010987	55541.97875011362	55541.97875011199
258	645.0	108.31131997375708	55650.44146761026	55650.44146761481	55650.44146761248
259	647.5	108.73113129148481	55758.69418009435	55758.694180097824	55758.69418009652
260	650.0	109.15094260921258	55866.7381026884	55866.73810269134	55866.7381026896
261	652.5	109.57075392694031	55974.57443884839	55974.5744388536	55974.574438850264
262	655.0	109.99056524466806	56082.204380517716	56082.204380520794	56082.20438051926
263	657.5	110.41037656239578	56189.62910826849	56189.62910827149	56189.62910826976
264	660.0	110.83018788012353	56296.84979146718	56296.84979147126	56296.849791468376
265	662.5	111.24999919785127	56403.86758841415	56403.86758841717	56403.867588415305
266	665.0	111.66981051557902	56510.68364649138	56510.68364649435	56510.683646493446
267	667.5	112.08962183330675	56617.29910230732	56617.299102312056	56617.29910231034
268	670.0	112.5094331510345	56723.71508184239	56723.715081845796	56723.715081844406
269	672.5	112.92924446876222	56829.932700573605	56829.93270057807	56829.93270057515
270	675.0	113.34905578648997	56935.953063626584	56935.9530636306	56935.95306362997
271	677.5	113.7688671042177	57041.77726590293	57041.77726590686	57041.77726590414
272	680.0	114.18867842194547	57147.40639220877	57147.4063922127	57147.40639220979
273	682.5	114.6084897396732	57252.84151739304	57252.84151739606	57252.841517393426
274	685.0	115.02830105740094	57358.08370646711	57358.083706470265	57358.08370646914
275	687.5	115.44811237512867	57463.13401473418	57463.13401473786	57463.134014737305
276	690.0	115.86792369285642	57567.99348791205	57567.99348791593	57567.99348791496
277	692.5	116.28773501058416	57672.66316225625	57672.6631622593	57672.663162257246
278	695.0	116.7075463283119	57777.144064674845	57777.144064678374	57777.14406467564
279	697.5	117.12735764603964	57881.4372128504	57881.437212854704	57881.43721285417
280	700.0	117.54716896376738	57985.54361535729	57985.543615360846	57985.543615358445
281	702.5	117.96698028149513	58089.464271765595	58089.464271769284	58089.46427176839
282	705.0	118.38679159922286	58193.200172766396	58193.20017277058	58193.20017276863
283	707.5	118.80660291695061	58296.7523002715	58296.75230027615	58296.75230027553
284	710.0	119.22641423467834	58400.12162752796	58400.12162753169	58400.121627531356
285	712.5	119.64622555240608	58503.30911922118	58503.30911922619	58503.30911922307
286	715.0	120.06603687013381	58606.31573158246	58606.31573158789	58606.31573158548
287	717.5	120.48584818786156	58709.14241249205	58709.14241249603	58709.14241249461
288	720.0	120.9056595055893	58811.79010157859	58811.79010158299	58811.79010157973
289	722.5	121.32547082331705	58914.25973032056	58914.25973032469	58914.25973032169
290	725.0	121.74528214104477	59016.55222214754	59016.5522221513	59016.55222214939
291	727.5	122.16509345877252	59118.66849253335	59118.66849253701	59118.668492535166
292	730.0	122.58490477650027	59220.609449092546	59220.60944909708	59220.609449095355
293	732.5	123.00471609422802	59322.375991679204	59322.37599168503	59322.37599168144
294	735.0	123.42452741195576	59423.96901247203	59423.969012477	59423.96901247499
295	737.5	123.84433872968347	59525.3893960705	59525.389396073646	59525.389396072045
296	740.0	124.26415004741122	59626.63801957962	59626.638019585356	59626.63801958243
297	742.5	124.68396136513897	59727.715752713055	59727.715752716744	59727.71575271525
298	745.0	125.10377268286672	59828.62345785661	59828.62345786129	59828.62345785959
299	747.5	125.52358400059444	59929.3619901755	59929.361990179954	59929.36199017778
300	750.0	125.94339531832219	60029.93219768807	60029.932197692295	60029.93219768963
301	752.5	126.36320663604992	60130.334921349124	60130.33492135338	60130.33492135139
302	755.0	126.78301795377767	60230.57099513827	60230.57099514283	60230.57099514066
303	757.5	127.2028292715054	60330.64124613521	60330.641246139225	60330.64124613724
304	760.0	127.62264058923317	60430.546494598435	60430.546494603295	60430.54649460078
305	762.5	128.0424519069609	60530.2875540515	60530.2875540559	60530.28755405296
306	765.0	128.46226322468863	60629.86523134795	60629.86523135369	60629.86523135095
307	767.5	128.88207454241638	60729.28032676034	60729.2803267653	60729.280326763444
308	770.0	129.30188586014413	60828.53363404777	60828.53363405236	60828.53363404899
309	772.5	129.72169717787187	60927.62594052885	60927.62594053396	60927.62594053178
310	775.0	130.1415084955996	61026.558027162144	61026.55802716709	61026.55802716474
311	777.5	130.56131981332734	61125.330668607334	61125.33066861266	61125.33066861122
312	780.0	130.9811311310551	61223.944633307634	61223.94463331299	61223.9446333105
313	782.5	131.40094244878284	61322.40068354865	61322.40068355231	61322.40068355074
314	785.0	131.82075376651053	61420.6995755317	61420.69957553742	61420.69957553379
315	787.5	132.24056508423828	61518.84205944758	61518.84205945285	61518.84205945048
316	790.0	132.66037640196603	61616.828879533874	61616.828879538625	61616.82887953594
317	792.5	133.08018771969378	61714.660774143085	61714.66077414755	61714.660774147116
318	795.0	133.49999903742153	61812.338475811266	61812.33847581466	61812.338475812845
319	797.5	133.91981035514925	61909.86271131994	61909.86271132461	61909.86271132266
320	800.0	134.33962167287703	62007.23420175918	62007.234201763255	62007.23420176083
321	802.5	134.75943299060475	62104.45366258932	62104.45366259329	62104.45366259062
322	805.0	135.1792443083325	62201.52180369915	62201.521803704556	62201.52180370257
323	807.5	135.59905562606022	62298.43932948057	62298.439329483925	62298.43932948228
324	810.0	136.01886694378797	62395.20693886454	62395.206938867894	62395.20693886572
325	812.5	136.4386782615157	62491.82532540028	62491.825325404156	62491.825325402504
326	815.0	136.85848957924344	62588.29517730408	62588.29517730812	62588.2951773062
327	817.5	137.27830089697116	62684.61717751902	62684.61717752378	62684.61717752219
328	820.0	137.69811221469894	62780.79200377113	62780.79200377592	62780.79200377317
329	822.5	138.1179235324267	62876.82032862373	62876.8203286281	62876.820328625705
330	825.0	138.5377348501544	62972.702819532395	62972.702819536375	62972.70281953472
331	827.5	138.95754616788216	63068.440138900216	63068.44013890648	63068.44013890372
332	830.0	139.3773574856099	63164.03294413414	63164.032944138875	63164.032944137885
333	832.5	139.79716880333766	63259.48188768903	63259.48188769378	63259.48188769103
334	835.0	140.21698012106538	63354.78761712909	63354.787617133145	63354.78761713168
335	837.5	140.6367914387931	63449.9507751707	63449.950775175486	63449.95077517381
336	840.0	141.05660275652085	63544.971999742374	63544.97199974727	63544.97199974349
337	842.5	141.4764140742486	63639.85192402505	63639.85192403082	63639.851924028095
338	845.0	141.89622539197632	63734.59117650916	63734.59117651534	63734.59117651211
339	847.5	142.31603670970406	63829.19038103862	63829.19038104366	63829.19038104052
340	850.0	142.7358480274318	63923.650156858384	63923.65015686366	63923.650156860276
341	852.5	143.15565934515956	64017.971118664296	64017.97111867109	64017.97111866839
342	855.0	143.5754706628873	64112.1538766506	64112.153876655015	64112.15387665407
343	857.5	143.99528198061503	64206.19903655072	64206.19903655733	64206.19903655311
344	860.0	144.4150932983428	64300.107199688864	64300.107199696	64300.10719969176
345	862.5	144.83490461607053	64393.87896302334	64393.87896302882	64393.87896302749
346	865.0	145.25471593379825	64487.514919185036	64487.51491919118	64487.51491918779
347	867.5	145.67452725152597	64581.01565652724	64581.01565653439	64581.015656533025
348	870.0	146.09433856925375	64674.381759173455	64674.38175917868	64674.38175917652
349	872.5	146.51414988698147	64767.61380704576	64767.61380705041	64767.61380704864
350	875.0	146.93396120470922	64860.712375916686	64860.71237592135	64860.712375919735
351	877.5	147.35377252243697	64953.67803745055	64953.67803745581	64953.678037452424
352	880.0	147.77358384016472	65046.5113592435	65046.51135924806	65046.51135924672
353	882.5	148.19339515789244	65139.21290486012	65139.21290486591	65139.21290486156
354	885.0	148.6132064756202	65231.78323388146	65231.783233888396	65231.78323388303
355	887.5	149.03301779334797	65324.222901933514	65324.2229019413	65324.22290193727
356	890.0	149.45282911107566	65416.532460736926	65416.532460741364	65416.53246073963
357	892.5	149.8726404288034	65508.71245813589	65508.71245814067	65508.71245813869
358	895.0	150.29245174653113	65600.7634381431	65600.76343814838	65600.76343814611
359	897.5	150.7122630642589	65692.68594097647	65692.68594098328	65692.68594097832
360	900.0	151.13207438198663	65784.48050309214	65784.48050309691	65784.4805030946
361	902.5	151.55188569971438	65876.14765722357	65876.14765722892	65876.14765722731
362	905.0	151.9716970174421	65967.687932418	65967.68793242305	65967.68793242167
363	907.5	152.39150833516987	66059.10185407172	66059.10185407691	66059.10185407438
364	910.0	152.8113196528976	66150.38994396321	66150.38994396843	66150.38994396389
365	912.5	153.23113097062534	66241.55272029224	66241.55272029707	66241.55272029378
366	915.0	153.65094228835306	66332.5906977089	66332.59069771334	66332.59069770997
367	917.5	154.0707536060808	66423.50438734912	66423.50438735522	66423.50438735409
368	920.0	154.49056492380856	66514.29429687807	66514.29429688306	66514.29429687998
369	922.5	154.91037624153628	66604.96093050334	66604.96093050836	66604.96093050693
370	925.0	155.33018755926403	66695.50478902346	66695.5047890276	66695.50478902512
371	927.5	155.74999887699178	66785.92636985207	66785.92636985974	66785.92636985795
372	930.0	156.16981019471953	66876.22616706512	66876.2261670713	66876.22616706685
373	932.5	156.58962151244725	66966.4046714039	66966.40467140883	66966.4046714066
374	935.0	157.009432830175	67056.46237033152	67056.4623703362	67056.46237033512
375	937.5	157.42924414790275	67146.39974805317	67146.39974805948	67146.39974805948
376	940.0	157.8490554656305	67236.21728554813	67236.21728555433	67236.21728555165
377	942.5	158.26886678335822	67325.91546060154	67325.91546060657	67325.91546060392
378	945.0	158.68867810108594	67415.49474782683	67415.49474783403	67415.49474783322
379	947.5	159.1084894188137	67504.95561870668	67504.95561871283	67504.95561871189
380	950.0	159.52830073654144	67594.29854161273	67594.29854161838	67594.29854161611
381	952.5	159.9481120542692	67683.52398183673	67683.52398184269	67683.52398184102
382	955.0	160.3679233719969	67772.63240161823	67772.63240162602	67772.63240162292
383	957.5	160.7877346897247	67861.62426017967	67861.6242601853	67861.62426018268
384	960.0	161.2075460074524	67950.50001373958	67950.50001374593	67950.5000137417
385	962.5	161.62735732518016	68039.26011554949	68039.26011555658	68039.26011555319
386	965.0	162.04716864290788	68127.90501592938	68127.90501593561	68127.90501593327
387	967.5	162.46697996063565	68216.43516227162	68216.43516227778	68216.43516227382
388	970.0	162.88679127836335	68304.85099908452	68304.85099909194	68304.85099909047
389	972.5	163.3066025960911	68393.15296802107	68393.15296802594	68393.1529680235
390	975.0	163.72641391381882	68481.34150788657	68481.34150789228	68481.34150788901
391	977.5	164.1462252315466	68569.41705468167	68569.41705468656	68569.41705468346
392	980.0	164.56603654927434	68657.38004161749	68657.38004162551	68657.3800416219
393	982.5	164.98584786700206	68745.23089915217	68745.23089915745	68745.23089915552
394	985.0	165.4056591847298	68832.9700549951	68832.97005500089	68832.97005499623
395	987.5	165.82547050245756	68920.59793415146	68920.59793415923	68920.59793415482
396	990.0	166.2452818201853	69008.11495893783	69008.11495894346	69008.11495894135
397	992.5	166.66509313791303	69095.52154900263	69095.521549008	69095.52154900484
398	995.0	167.08490445564078	69182.81812135527	69182.81812136128	69182.81812135881
399	997.5	167.5047157733685	69270.00509038716	69270.00509039407	69270.00509039061
400	1000.0	167.92452709109625	69357.08286789632	69357.08286790292	69357.08286790036
401	1002.5	168.34433840882397	69444.05186310718	69444.0518631128	69444.05186311125
402	1005.0	168.76414972655175	69530.91248269343	69530.91248269941	69530.9124826962
403	1007.5	169.18396104427947	69617.66513080026	69617.66513080733	69617.66513080198
404	1010.0	169.60377236200722	69704.31020907198	69704.31020907772	69704.31020907531
405	1012.5	170.02358367973497	69790.84811666598	69790.8481166717	69790.84811666756
406	1015.0	170.44339499746272	69877.2792502765	69877.27925028339	69877.27925027811
407	1017.5	170.86320631519047	69963.60400415621	69963.6040041628	69963.60400415988
408	1020.0	171.2830176329182	70049.82277013823	70049.82277014598	70049.82277014277
409	1022.5	171.7028289506459	70135.93593766188	70135.93593766788	70135.93593766369
410	1025.0	172.12264026837366	70221.94389377449	70221.94389378188	70221.94389377807
411	1027.5	172.5424515861014	70307.84702317764	70307.8470231825	70307.84702317973
412	1030.0	172.96226290382913	70393.64570822459	70393.64570823217	70393.64570822951
413	1032.5	173.38207422155688	70479.34032895837	70479.34032896406	70479.34032896001
414	1035.0	173.80188553928463	70564.9312631161	70564.93126312151	70564.93126311876
415	1037.5	174.22169685701238	70650.41888615652	70650.4188861655	70650.41888615856
416	1040.0	174.6415081747401	70735.8035712816	70735.80357128948	70735.80357128681
417	1042.5	175.06131949246785	70821.08568944846	70821.0856894558	70821.085689452
418	1045.0	175.48113081019562	70906.26560939272	70906.26560939729	70906.2656093948
419	1047.5	175.90094212792334	70991.34369764272	70991.34369764873	70991.34369764548
420	1050.0	176.32075344565106	71076.32031854705	71076.32031855175	71076.32031854862
421	1052.5	176.74056476337879	71161.1958342807	71161.19583428596	71161.19583428318
422	1055.0	177.16037608110656	71245.97060487335	71245.9706048811	71245.97060487623
423	1057.5	177.58018739883428	71330.64498822167	71330.64498822759	71330.6449882251
424	1060.0	177.99999871656203	71415.21934010948	71415.21934011603	71415.21934011254
425	1062.5	178.41981003428975	71499.69401422112	71499.69401422793	71499.6940142243
426	1065.0	178.83962135201753	71584.06936216285	71584.06936217037	71584.06936216679
427	1067.5	179.25943266974525	71668.34573348239	71668.34573348804	71668.34573348486
428	1070.0	179.679243987473	71752.52347567536	71752.52347568066	71752.52347567758
429	1072.5	180.09905530520072	71836.60293421338	71836.60293421868	71836.6029342166
430	1075.0	180.51886662292847	71920.5844525545	71920.58445255987	71920.584452559
431	1077.5	180.93867794065622	72004.46837216125	72004.46837216702	72004.46837216508
432	1080.0	181.35848925838394	72088.2550325187	72088.25503252365	72088.25503252116
433	1082.5	181.7783005761117	72171.9447711404	72171.94477114893	72171.94477114543
434	1085.0	182.19811189383944	72255.53792360723	72255.53792361787	72255.53792360974
435	1087.5	182.6179232115672	72339.03482355174	72339.03482355781	72339.0348235545
436	1090.0	183.0377345292949	72422.43580270103	72422.43580270857	72422.43580270467
437	1092.5	183.45754584702266	72505.7411908714	72505.74119088173	72505.74119087795
438	1095.0	183.8773571647504	72588.95131601077	72588.95131601932	72588.95131601542
439	1097.5	184.29716848247816	72672.06650417788	72672.06650418343	72672.06650417949
440	1100.0	184.71697980020588	72755.08707957792	72755.08707958776	72755.08707958348
441	1102.5	185.1367911179336	72838.01336459084	72838.0133645988	72838.01336459398
442	1105.0	185.55660243566135	72920.84567974888	72920.8456797586	72920.84567975547
443	1107.5	185.9764137533891	73003.58434378874	73003.58434379767	73003.58434379377
444	1110.0	186.39622507111685	73086.22967364169	73086.22967364916	73086.22967364822
445	1112.5	186.81603638884457	73168.7819844542	73168.78198446281	73168.7819844608
446	1115.0	187.23584770657234	73251.24158960926	73251.24158961905	73251.24158961
447	1117.5	187.65565902430006	73333.60880072754	73333.60880073451	73333.6088007308
448	1120.0	188.0754703420278	73415.88392769266	73415.8839276993	73415.88392769759
449	1122.5	188.49528165975556	73498.06727865576	73498.06727866421	73498.06727866041
450	1125.0	188.9150929774833	73580.15916005945	73580.15916006625	73580.15916006194
451	1127.5	189.33490429521103	73662.15987663582	73662.15987664592	73662.1598766409
452	1130.0	189.75471561293875	73744.06973143853	73744.06973144633	73744.06973144202
453	1132.5	190.1745269306665	73825.88902583583	73825.88902584763	73825.88902584129
454	1135.0	190.59433824839425	73907.61805954625	73907.61805955709	73907.61805954941
455	1137.5	191.01414956612197	73989.25713062569	73989.25713063558	73989.25713063312
456	1140.0	191.43396088384972	74070.8065355004	74070.80653550739	74070.80653550477
457	1142.5	191.8537722015775	74152.26656896996	74152.26656897845	74152.26656897715
458	1145.0	192.27358351930522	74233.63752422483	74233.6375242321	74233.63752422715
459	1147.5	192.69339483703297	74314.9196928501	74314.91969286288	74314.91969285527
460	1150.0	193.1132061547607	74396.11336485144	74396.11336486386	74396.11336485895
461	1152.5	193.53301747248847	74477.2188286579	74477.2188286687	74477.218828662
462	1155.0	193.95282879021616	74558.23637112662	74558.2363711403	74558.2363711307
463	1157.5	194.3726401079439	74639.1662775699	74639.16627757983	74639.16627757167
464	1160.0	194.79245142567163	74720.00883176125	74720.00883177278	74720.0088317669
465	1162.5	195.2122627433994	74800.76431594735	74800.76431595837	74800.764315951
466	1165.0	195.63207406112713	74881.43301085151	74881.43301086125	74881.43301085632
467	1167.5	196.05188537885488	74962.01519569711	74962.01519570682	74962.01519570075
468	1170.0	196.47169669658263	75042.51114820839	75042.51114821769	75042.51114821294
469	1172.5	196.89150801431038	75122.92114463598	75122.92114464306	75122.92114463849
470	1175.0	197.31131933203812	75203.24545974743	75203.24545975684	75203.24545975012
471	1177.5	197.73113064976584	75283.48436685739	75283.48436686865	75283.4843668618
472	1180.0	198.1509419674936	75363.63813783045	75363.63813783758	75363.63813783231
473	1182.5	198.57075328522131	75443.70704308515	75443.70704309433	75443.7070430872
474	1185.0	198.99056460294906	75523.69135161997	75523.69135162953	75523.69135161997
475	1187.5	199.41037592067678	75603.59133100981	75603.59133102214	75603.59133101066
476	1190.0	199.83018723840453	75683.40724742565	75683.40724743482	75683.40724743064
477	1192.5	200.24999855613228	75763.13936563408	75763.13936564694	75763.13936564227
478	1195.0	200.66980987386003	75842.78794902682	75842.78794903804	75842.78794903432
479	1197.5	201.08962119158775	75922.35325960927	75922.35325961736	75922.35325961305
480	1200.0	201.5094325093155	76001.8355580196	76001.83555802633	76001.83555802249
481	1202.5	201.92924382704328	76081.23510354155	76081.23510354989	76081.23510354692
482	1205.0	202.349055144771	76160.55215411722	76160.55215412738	76160.55215411939
483	1207.5	202.76886646249872	76239.7869663416	76239.7869663492	76239.78696634575
484	1210.0	203.18867778022644	76318.93979548934	76318.93979550352	76318.93979549425
485	1212.5	203.60848909795422	76398.01089551867	76398.01089552602	76398.01089552279
486	1215.0	204.02830041568194	76477.00051907045	76477.00051907705	76477.0005190737
487	1217.5	204.4481117334097	76555.90891749278	76555.90891750359	76555.90891749739
488	1220.0	204.8679230511374	76634.73634084724	76634.73634085429	76634.73634084935
489	1222.5	205.2877343688652	76713.48303790626	76713.48303791354	76713.4830379097
490	1225.0	205.7075456865929	76792.14925617995	76792.14925618732	76792.14925618257
491	1227.5	206.12735700432066	76870.73524190667	76870.73524191539	76870.73524191129
492	1230.0	206.54716832204838	76949.24124008264	76949.24124009057	76949.2412400872
493	1232.5	206.96697963977616	77027.66749445046	77027.66749445902	77027.66749445559
494	1235.0	207.38679095750388	77106.01424751809	77106.01424753254	77106.01424752781
495	1237.5	207.8066022752316	77184.28174058323	77184.28174059355	77184.28174058865
496	1240.0	208.22641359295935	77262.47021369831	77262.47021371071	77262.47021370474
497	1242.5	208.6462249106871	77340.57990572733	77340.57990573591	77340.579905733
498	1245.0	209.06603622841484	77418.6110543205	77418.61105433105	77418.61105432583
499	1247.5	209.48584754614257	77496.56389594606	77496.56389595765	77496.56389595129
500	1250.0	209.90565886387031	77574.43866587759	77574.43866589165	77574.43866588407
501	1252.5	210.32547018159806	77652.2355982272	77652.23559823922	77652.23559823314
502	1255.0	210.7452814993258	77729.95492592301	77729.95492593615	77729.95492592847
503	1257.5	211.16509281705353	77807.59688074623	77807.59688075761	77807.59688074897
504	1260.0	211.5849041347813	77885.16169331802	77885.16169333245	77885.16169332188
505	1262.5	212.004715452509	77962.64959311974	77962.64959313392	77962.64959312521
506	1265.0	212.42452677023675	78040.06080850225	78040.06080851251	78040.06080850784
507	1267.5	212.8443380879645	78117.39556667987	78117.39556668908	78117.39556668233
508	1270.0	213.26414940569225	78194.65409374662	78194.65409376133	78194.6540937563
509	1272.5	213.68396072342	78271.83661470163	78271.83661471138	78271.8366147031
510	1275.0	214.10377204114772	78348.94335340871	78348.94335342315	78348.94335341301
511	1277.5	214.52358335887547	78425.97453266995	78425.97453268395	78425.9745326766
512	1280.0	214.94339467660322	78502.93037417228	78502.93037418464	78502.93037417751
513	1282.5	215.36320599433097	78579.81109852935	78579.81109853981	78579.81109852935
514	1285.0	215.7830173120587	78656.61692528006	78656.61692529288	78656.6169252828
515	1287.5	216.20282862978644	78733.34807289553	78733.34807290605	78733.3480729019
516	1290.0	216.62263994751416	78810.0047587904	78810.0047588014	78810.00475879462
517	1292.5	217.0424512652419	78886.58719931476	78886.58719932739	78886.58719931837
518	1295.0	217.46226258296963	78963.09560979245	78963.09560980348	78963.09560979718
519	1297.5	217.88207390069738	79039.53020448683	79039.53020450097	79039.53020449851
520	1300.0	218.30188521842516	79115.89119665137	79115.89119666614	79115.89119665675
521	1302.5	218.72169653615288	79192.17879849093	79192.17879851039	79192.17879850185
522	1305.0	219.14150785388063	79268.39322121814	79268.39322123298	79268.39322122793
523	1307.5	219.56131917160835	79344.53467501453	79344.53467503004	79344.53467502329
524	1310.0	219.98113048933612	79420.60336906699	79420.60336908101	79420.60336907727
525	1312.5	220.40094180706384	79496.59951156135	79496.59951157574	79496.59951156737
526	1315.0	220.82075312479157	79572.52330969332	79572.52330970792	79572.52330969869
527	1317.5	221.2405644425193	79648.37496967081	79648.37496969038	79648.37496968215
528	1320.0	221.66037576024706	79724.15469674046	79724.15469675153	79724.1546967503
529	1322.5	222.08018707797478	79799.86269515143	79799.86269516936	79799.8626951596
530	1325.0	222.49999839570253	79875.49916820596	79875.49916821769	79875.49916821418
531	1327.5	222.91980971343028	79951.0643182451	79951.0643182583	79951.06431825229
532	1330.0	223.33962103115803	80026.55834665344	80026.55834666768	80026.55834666047
533	1332.5	223.75943234888578	80101.98145387208	80101.98145388621	80101.98145388103
534	1335.0	224.1792436666135	80177.33383940443	80177.33383942053	80177.33383941201
535	1337.5	224.59905498434125	80252.6157018202	80252.61570183282	80252.61570182451
536	1340.0	225.018866302069	80327.82723875219	80327.8272387657	80327.82723875559
537	1342.5	225.43867761979672	80402.96864692151	80402.96864693586	80402.96864692857
538	1345.0	225.85848893752444	80478.04012213806	80478.04012214993	80478.04012214369
539	1347.5	226.2783002552522	80553.04185928701	80553.04185929931	80553.04185929352
540	1350.0	226.69811157297994	80627.97405236617	80627.97405237792	80627.97405237454
541	1352.5	227.1179228907077	80702.83689446413	80702.83689447562	80702.83689447014
542	1355.0	227.5377342084354	80777.63057778055	80777.63057779377	80777.63057778844
543	1357.5	227.95754552616316	80852.35529363505	80852.35529364509	80852.35529364158
544	1360.0	228.37735684389094	80927.0112324585	80927.01123247025	80927.01123245915
545	1362.5	228.79716816161866	81001.5985838075	81001.59858381914	81001.59858381226
546	1365.0	229.2169794793464	81076.1175363755	81076.11753638957	81076.11753638505
547	1367.5	229.63679079707413	81150.56827799306	81150.56827800622	81150.56827799595
548	1370.0	230.05660211480188	81224.95099562217	81224.95099563355	81224.95099563095
549	1372.5	230.4764134325296	81299.26587537996	81299.2658753936	81299.26587538444
550	1375.0	230.89622475025735	81373.51310253787	81373.51310255054	81373.51310254585
551	1377.5	231.3160360679851	81447.69286152266	81447.69286153674	81447.69286152902
552	1380.0	231.73584738571284	81521.80533592257	81521.80533593899	81521.80533592954
553	1382.5	232.15565870344057	81595.85070850234	81595.85070851467	81595.85070850934
554	1385.0	232.57547002116831	81669.82916118944	81669.82916120446	81669.82916119674
555	1387.5	232.99528133889606	81743.74087509897	81743.74087511169	81743.7408751068
556	1390.0	233.4150926566238	81817.5860305293	81817.58603054608	81817.58603053904
557	1392.5	233.83490397435156	81891.3648069647	81891.36480698359	81891.3648069746
558	1395.0	234.25471529207928	81965.07738309939	81965.07738311247	81965.0773831054
559	1397.5	234.674526609807	82038.72393679588	82038.72393681107	82038.72393680604
560	1400.0	235.09433792753475	82112.30464515637	82112.30464516931	82112.30464516299
561	1402.5	235.5141492452625	82185.81968446771	82185.8196844818	82185.8196844788
562	1405.0	235.93396056299025	82259.2692302456	82259.26923026059	82259.26923025749
563	1407.5	236.35377188071797	82332.65345722312	82332.65345723397	82332.65345723336
564	1410.0	236.77358319844572	82405.97253934956	82405.97253936103	82405.97253935384
565	1412.5	237.19339451617347	82479.22664980902	82479.22664982204	82479.22664981279
566	1415.0	237.61320583390122	82552.41596102432	82552.41596103851	82552.41596102432
567	1417.5	238.03301715162894	82625.54064464966	82625.54064466186	82625.54064465986
568	1420.0	238.4528284693567	82698.60087158598	82698.60087160107	82698.60087159264
569	1422.5	238.8726397870844	82771.59681198577	82771.59681199794	82771.5968119901
570	1425.0	239.29245110481216	82844.52863524389	82844.52863525589	82844.52863524927
571	1427.5	239.71226242253994	82917.3965100203	82917.39651003372	82917.39651002712
572	1430.0	240.13207374026763	82990.2006042436	82990.20060425419	82990.20060424776
573	1432.5	240.55188505799538	83062.9410850864	83062.94108510204	83062.94108509488
574	1435.0	240.97169637572313	83135.61811902355	83135.61811903486	83135.61811902885
575	1437.5	241.3915076934509	83208.23187177352	83208.23187178608	83208.23187178084
576	1440.0	241.8113190111786	83280.78250835666	83280.78250837029	83280.78250836222
577	1442.5	242.23113032890635	83353.27019307046	83353.27019308522	83353.27019307502
578	1445.0	242.6509416466341	83425.69508949606	83425.69508950753	83425.69508950044
579	1447.5	243.07075296436184	83498.05736051101	83498.05736052679	83498.05736051875
580	1450.0	243.49056428208954	83570.35716829846	83570.35716831035	83570.35716830293
581	1452.5	243.91037559981729	83642.59467432309	83642.59467433812	83642.5946743325
582	1455.0	244.33018691754503	83714.77003938165	83714.7700393916	83714.77003938594
583	1457.5	244.7499982352728	83786.88342354889	83786.88342356545	83786.88342355972
584	1460.0	245.16980955300053	83858.93498624602	83858.93498625862	83858.93498625315
585	1462.5	245.58962087072825	83930.92488618621	83930.9248861974	83930.92488618867
586	1465.0	246.00943218845603	84002.8532814133	84002.85328142838	84002.85328141905
587	1467.5	246.42924350618375	84074.7203293071	84074.72032932013	84074.72032931015
588	1470.0	246.84905482391153	84146.5261865614	84146.5261865752	84146.52618656767
589	1472.5	247.26886614163925	84218.27100921434	84218.27100922557	84218.27100922039
590	1475.0	247.68867745936694	84289.95495263755	84289.95495265281	84289.95495264397
591	1477.5	248.10848877709472	84361.57817154833	84361.57817156009	84361.57817155324
592	1480.0	248.52830009482244	84433.14082000764	84433.14082002001	84433.14082001465
593	1482.5	248.94811141255016	84504.64305142182	84504.64305143671	84504.64305143141
594	1485.0	249.36792273027794	84576.08501856253	84576.08501857694	84576.08501856793
595	1487.5	249.78773404800566	84647.46687354463	84647.46687355671	84647.46687355448
596	1490.0	250.20754536573344	84718.78876784942	84718.78876786838	84718.7887678562
597	1492.5	250.62735668346122	84790.05085233753	84790.05085234815	84790.05085234571
598	1495.0	251.04716800118888	84861.25327720535	84861.25327722335	84861.25327721024
599	1497.5	251.46697931891666	84932.39619205677	84932.39619206982	84932.39619205741
600	1500.0	251.88679063664438	85003.47974584805	85003.47974586044	85003.47974585813
601	1502.5	252.30660195437213	85074.50408691989	85074.50408693512	85074.50408691989
602	1505.0	252.72641327209985	85145.46936301264	85145.46936302449	85145.4693630171
603	1507.5	253.14622458982757	85216.3757212213	85216.3757212377	85216.37572123304
604	1510.0	253.56603590755535	85287.2233080675	85287.22330808181	85287.22330807468
605	1512.5	253.98584722528312	85358.01226943685	85358.0122694503	85358.01226944418
606	1515.0	254.4056585430108	85428.74275063233	85428.7427506434	85428.74275063744
607	1517.5	254.82546986073856	85499.41489633925	85499.41489635687	85499.41489634814
608	1520.0	255.24528117846634	85570.02885067089	85570.02885068889	85570.02885068044
609	1522.5	255.66509249619406	85640.58475712653	85640.58475714238	85640.5847571327
610	1525.0	256.0849038139218	85711.08275862837	85711.08275864433	85711.08275863537
611	1527.5	256.5047151316495	85781.5229975084	85781.52299752638	85781.52299751765
612	1530.0	256.92452644937725	85851.9056155171	85851.90561553731	85851.90561552638
613	1532.5	257.34433776710506	85922.23075383436	85922.23075384773	85922.23075384217
614	1535.0	257.76414908483275	85992.49855304835	85992.4985530642	85992.4985530556
615	1537.5	258.1839604025605	86062.70915318812	86062.70915320667	86062.70915319782
616	1540.0	258.60377172028825	86132.86269370565	86132.86269372547	86132.86269371332
617	1542.5	259.02358303801594	86202.9593134954	86202.95931351298	86202.95931350206
618	1545.0	259.44339435574375	86272.99915088498	86272.99915090161	86272.99915089385
619	1547.5	259.8632056734714	86342.98234363989	86342.98234365848	86342.98234364559
620	1550.0	260.2830169911992	86412.90902897308	86412.90902899065	86412.90902898165
621	1552.5	260.70282830892694	86482.77934354552	86482.77934355987	86482.77934354737
622	1555.0	261.1226396266547	86552.5934234629	86552.59342347705	86552.59342346874
623	1557.5	261.54245094438244	86622.35140428765	86622.35140430469	86622.35140429292
624	1560.0	261.9622622621102	86692.05342103868	86692.05342105766	86692.05342104466
625	1562.5	262.3820735798379	86761.699608196	86761.69960821191	86761.69960820484
626	1565.0	262.8018848975657	86831.29009969755	86831.29009971138	86831.29009970465
627	1567.5	263.2216962152934	86900.82502894619	86900.82502896366	86900.82502895879
628	1570.0	263.64150753302107	86970.30452881752	86970.30452883725	86970.30452882539
629	1572.5	264.0613188507489	87039.72873165633	87039.72873167449	87039.72873166818
630	1575.0	264.48113016847657	87109.09776928359	87109.09776930245	87109.09776929498
631	1577.5	264.9009414862044	87178.4117729939	87178.41177301203	87178.41177300605
632	1580.0	265.32075280393207	87247.67087356176	87247.67087358181	87247.67087356983
633	1582.5	265.7405641216598	87316.87520124154	87316.87520126285	87316.8752012516
634	1585.0	266.16037543938756	87386.02488579378	87386.02488580902	87386.02488579483
635	1587.5	266.5801867571153	87455.12005643552	87455.12005645262	87455.12005644727
636	1590.0	266.99999807484306	87524.16084189697	87524.16084191711	87524.16084189825
637	1592.5	267.4198093925708	87593.14737039612	87593.14737041411	87593.14737040416
638	1595.0	267.8396207102985	87662.07976964836	87662.0797696709	87662.07976965418
639	1597.5	268.25943202802625	87730.95816687451	87730.95816689073	87730.95816689073
640	1600.0	268.67924334575406	87799.78268878351	87799.78268880602	87799.78268879338
641	1602.5	269.0990546634817	87868.55346160659	87868.55346162894	87868.5534616191
642	1605.0	269.5188659812095	87937.27061107446	87937.27061108942	87937.27061108226
643	1607.5	269.9386772989372	88005.9342624215	88005.9342624421	88005.93426243037
644	1610.0	270.358488616665	88074.54454041077	88074.54454042982	88074.54454042099
645	1612.5	270.77829993439275	88143.1015693072	88143.10156933096	88143.10156931712
646	1615.0	271.19811125212044	88211.60547290588	88211.60547292112	88211.60547291556
647	1617.5	271.6179225698482	88280.05637450686	88280.05637453259	88280.05637451938
648	1620.0	272.03773388757594	88348.45439696008	88348.4543969776	88348.45439696388
649	1622.5	272.4575452053037	88416.79966261088	88416.79966263127	88416.79966262102
650	1625.0	272.8773565230314	88485.09229335721	88485.0922933757	88485.09229336126
651	1627.5	273.2971678407592	88553.3324106163	88553.33241063458	88553.33241062216
652	1630.0	273.7169791584869	88621.5201353412	88621.52013536259	88621.5201353516
653	1632.5	274.1367904762147	88689.65558802939	88689.6555880481	88689.65558803995
654	1635.0	274.5566017939423	88757.73888870193	88757.73888871864	88757.73888870915
655	1637.5	274.9764131116701	88825.77015693575	88825.77015695405	88825.77015694579
656	1640.0	275.3962244293979	88893.7495118441	88893.74951186297	88893.74951185628
657	1642.5	275.8160357471256	88961.67707208783	88961.67707210874	88961.67707208953
658	1645.0	276.2358470648534	89029.55295587095	89029.55295589194	89029.55295588238
659	1647.5	276.65565838258107	89097.3772809691	89097.37728099119	89097.3772809771
660	1650.0	277.0754697003088	89165.15016468188	89165.15016470474	89165.15016469205
661	1652.5	277.49528101803656	89232.87172388664	89232.87172391136	89232.87172389867
662	1655.0	277.9150923357643	89300.54207501053	89300.54207503045	89300.54207502
663	1657.5	278.334903653492	89368.16133403908	89368.16133406137	89368.16133404858
664	1660.0	278.7547149712198	89435.72961652961	89435.72961655102	89435.72961653511
665	1662.5	279.1745262889475	89503.24703758504	89503.24703760962	89503.2470375944
666	1665.0	279.5943376066753	89570.71371191008	89570.71371192974	89570.7137119167
667	1667.5	280.014148924403	89638.12975374336	89638.1297537652	89638.12975375005
668	1670.0	280.43396024213075	89705.49527691527	89705.49527693335	89705.49527692226
669	1672.5	280.8537715598585	89772.810394822	89772.81039484064	89772.8103948304
670	1675.0	281.2735828775862	89840.07522043669	89840.0752204664	89840.07522045169
671	1677.5	281.693394195314	89907.28986632937	89907.2898663485	89907.28986633629
672	1680.0	282.1132055130417	89974.45444461746	89974.45444463962	89974.4544446276
673	1682.5	282.53301683076944	90041.56906702838	90041.56906704951	90041.5690670371
674	1685.0	282.9528281484972	90108.63384486736	90108.63384488568	90108.63384487103
675	1687.5	283.372639466225	90175.64888901458	90175.64888903942	90175.64888902538
676	1690.0	283.79245078395263	90242.61430996405	90242.61430998461	90242.61430997589
677	1692.5	284.21226210168044	90309.53021777785	90309.53021780252	90309.53021778997
678	1695.0	284.63207341940813	90376.39672212745	90376.39672214915	90376.39672213205
679	1697.5	285.05188473713594	90443.2139322673	90443.21393229242	90443.21393228044
680	1700.0	285.4716960548636	90509.98195706494	90509.9819570878	90509.98195706976
681	1702.5	285.8915073725913	90576.70090497039	90576.70090499564	90576.70090498132
682	1705.0	286.3113186903191	90643.37088405175	90643.37088407559	90643.37088406312
683	1707.5	286.7311300080469	90709.99200196934	90709.99200199597	90709.99200197871
684	1710.0	287.1509413257746	90776.56436599704	90776.56436602602	90776.56436600724
685	1712.5	287.5707526435023	90843.08808301442	90843.08808304876	90843.08808301901
686	1715.0	287.99056396123007	90909.56325950741	90909.56325953611	90909.56325951101
687	1717.5	288.4103752789578	90975.99000158424	90975.99000161374	90975.99000159414
688	1720.0	288.8301865966856	91042.36841494968	91042.36841497815	91042.36841496512
689	1722.5	289.24999791441326	91108.69860494627	91108.69860497526	91108.69860495848
690	1725.0	289.66980923214106	91174.98067651078	91174.9806765421	91174.98067652187
691	1727.5	290.0896205498688	91241.2147342223	91241.21473425618	91241.21473423303
692	1730.0	290.5094318675965	91307.40088226863	91307.40088229932	91307.40088228096
693	1732.5	290.92924318532425	91373.53922446608	91373.53922449402	91373.53922447792
694	1735.0	291.34905450305195	91439.62986425114	91439.62986428148	91439.62986426198
695	1737.5	291.76886582077975	91505.6729046886	91505.67290472487	91505.67290470179
696	1740.0	292.1886771385075	91571.66844849092	91571.66844851927	91571.66844849798
697	1742.5	292.60848845623525	91637.61659796657	91637.6165980003	91637.61659797665
698	1745.0	293.02829977396294	91703.51745509221	91703.51745512371	91703.51745510245
699	1747.5	293.44811109169075	91769.37112145395	91769.37112148762	91769.37112146721
700	1750.0	293.86792240941844	91835.17769829308	91835.1776983269	91835.1776983042
701	1752.5	294.2877337271462	91900.93728647582	91900.93728651313	91900.93728648812
702	1755.0	294.70754504487394	91966.6499865168	91966.64998655711	91966.64998652913
703	1757.5	295.12735636260163	92032.3158985651	92032.31589860858	92032.31589858064
704	1760.0	295.54716768032944	92097.93512243658	92097.93512247164	92097.93512244413
705	1762.5	295.96697899805713	92163.50775754907	92163.50775759025	92163.50775756108
706	1765.0	296.3867903157849	92229.0339030111	92229.03390304705	92229.03390302259
707	1767.5	296.8066016335126	92294.51365755763	92294.51365760174	92294.51365757146
708	1770.0	297.2264129512404	92359.94711958489	92359.94711962686	92359.94711959692
709	1772.5	297.6462242689681	92425.33438713175	92425.33438717159	92425.33438714567
710	1775.0	298.06603558669593	92490.67555790237	92490.67555794117	92490.67555791387
711	1777.5	298.48584690442357	92555.97072924227	92555.9707292867	92555.97072925973
712	1780.0	298.9056582221513	92621.21999817813	92621.21999822406	92621.2199981959
713	1782.5	299.32546953987907	92686.42346136886	92686.4234614186	92686.4234613863
714	1785.0	299.7452808576068	92751.58121515826	92751.58121520649	92751.58121517139
715	1787.5	300.16509217533456	92816.69335553393	92816.69335558043	92816.69335554451
716	1790.0	300.58490349306226	92881.75997815965	92881.75997820655	92881.7599781695
717	1792.5	301.00471481079006	92946.78117836062	92946.78117840688	92946.7811783756
718	1795.0	301.4245261285178	93011.75705113795	93011.75705118118	93011.75705115042
719	1797.5	301.8443374462455	93076.68769114488	93076.68769119495	93076.68769115966
720	1800.0	302.26414876397325	93141.57319272081	93141.57319277346	93141.57319273647
721	1802.5	302.683960081701	93206.41364987778	93206.4136499236	93206.41364988756
722	1805.0	303.10377139942875	93271.20915629376	93271.20915634603	93271.20915630738
723	1807.5	303.5235827171565	93335.95980532152	93335.95980537181	93335.95980533514
724	1810.0	303.9433940348842	93400.6656900005	93400.66569005129	93400.66569001289
725	1812.5	304.36320535261194	93465.32690304055	93465.32690309382	93465.32690304708
726	1815.0	304.78301667033975	93529.94353683715	93529.94353689405	93529.94353684984
727	1817.5	305.20282798806744	93594.51568346642	93594.51568351871	93594.51568347831
728	1820.0	305.6226393057952	93659.04343468718	93659.04343474582	93659.04343469958
729	1822.5	306.0424506235229	93723.52688194005	93723.52688200194	93723.52688195699
730	1825.0	306.4622619412507	93787.96611636193	93787.96611642618	93787.96611638219
731	1827.5	306.88207325897844	93852.36122877002	93852.36122882443	93852.36122878295
732	1830.0	307.30188457670613	93916.71230966818	93916.71230973005	93916.71230968065
733	1832.5	307.7216958944339	93981.0194492573	93981.01944932187	93981.01944927231
734	1835.0	308.1415072121616	94045.28273743005	94045.28273748918	94045.28273744436
735	1837.5	308.5613185298894	94109.50226377121	94109.5022638329	94109.50226378636
736	1840.0	308.9811298476171	94173.6781175606	94173.67811763068	94173.67811757671
737	1842.5	309.4009411653448	94237.81038777521	94237.81038784832	94237.81038779627
738	1845.0	309.82075248307257	94301.89916310016	94301.89916316856	94301.89916311973
739	1847.5	310.2405638008004	94365.94453189881	94365.94453196714	94365.94453192496
740	1850.0	310.66037511852807	94429.94658225619	94429.94658232944	94429.94658227223
741	1852.5	311.0801864362558	94493.90540194635	94493.90540201719	94493.90540196416
742	1855.0	311.49999775398356	94557.821078454	94557.82107852837	94557.8210784712
743	1857.5	311.9198090717113	94621.69369896938	94621.69369904148	94621.69369897885
744	1860.0	312.33962038943906	94685.52335038509	94685.52335046126	94685.52335040072
745	1862.5	312.75943170716675	94749.31011930261	94749.31011938833	94749.31011932918
746	1865.0	313.1792430248945	94813.0540920463	94813.05409213046	94813.05409207738
747	1867.5	313.59905434262225	94876.75535462993	94876.7553547142	94876.75535464723
748	1870.0	314.01886566035	94940.41399279099	94940.41399287771	94940.41399282026
749	1872.5	314.43867697807775	95004.03009198062	95004.03009206658	95004.0300920015
750	1875.0	314.8584882958055	95067.60373736554	95067.60373745345	95067.60373738442
751	1877.5	315.2782996135332	95131.13501381622	95131.13501390851	95131.13501384191
752	1880.0	315.698110931261	95194.62400593703	95194.62400603249	95194.62400596512
753	1882.5	316.1179222489887	95258.07079805304	95258.07079814964	95258.07079807512
754	1885.0	316.53773356671644	95321.47547419186	95321.47547428533	95321.47547421248
755	1887.5	316.9575448844442	95384.83811811023	95384.83811821073	95384.83811813698
756	1890.0	317.3773562021719	95448.15881328858	95448.15881340102	95448.15881332297
757	1892.5	317.7971675198997	95511.43764294907	95511.43764305685	95511.43764297596
758	1895.0	318.2169788376274	95574.67469000912	95574.67469011818	95574.6746900366
759	1897.5	318.63679015535513	95637.8700371215	95637.87003723094	95637.87003715285
760	1900.0	319.0566014730829	95701.02376667962	95701.023766792	95701.02376671115
761	1902.5	319.4764127908107	95764.13596079576	95764.135960907	95764.13596083137
762	1905.0	319.8962241085384	95827.20670131368	95827.20670142653	95827.206701338
763	1907.5	320.3160354262661	95890.23606980838	95890.23606992292	95890.23606983892
764	1910.0	320.7358467439938	95953.22414758975	95953.22414770351	95953.22414761485
765	1912.5	321.15565806172157	96016.1710156953	96016.1710158165	96016.17101572496
766	1915.0	321.5754693794494	96079.07675490991	96079.07675503782	96079.07675494337
767	1917.5	321.995280697177	96141.94144575016	96141.94144587862	96141.94144578248
768	1920.0	322.4150920149048	96204.76516846131	96204.76516859268	96204.76516849398
769	1922.5	322.83490333263256	96267.54800304248	96267.5480031728	96267.54800307933
770	1925.0	323.2547146503603	96330.29002921496	96330.2900293467	96330.29002925688
771	1927.5	323.674525968088	96392.99132645792	96392.99132659797	96392.99132649718
772	1930.0	324.09433728581575	96455.6519739818	96455.65197411837	96455.65197401613
773	1932.5	324.5141486035435	96518.27205074826	96518.27205088829	96518.27205078362
774	1935.0	324.9339599212713	96580.85163545096	96580.85163560149	96580.85163548609
775	1937.5	325.353771238999	96643.39080655568	96643.39080670851	96643.39080659863
776	1940.0	325.7735825567267	96705.88964225126	96705.88964240093	96705.88964228974
777	1942.5	326.1933938744545	96768.34822047447	96768.34822062626	96768.3482205103
778	1945.0	326.6132051921822	96830.76661891575	96830.76661907625	96830.76661895745
779	1947.5	327.03301650991	96893.14491503515	96893.14491519796	96893.14491508214
780	1950.0	327.45282782763763	96955.48318601961	96955.48318618177	96955.48318605873
781	1952.5	327.87263914536544	97017.78150881173	97017.78150898295	97017.78150885686
782	1955.0	328.2924504630932	97080.03996012134	97080.03996029551	97080.03996017092
783	1957.5	328.71226178082094	97142.25861640392	97142.25861657517	97142.25861645206
784	1960.0	329.1320730985487	97204.43755386458	97204.43755404076	97204.43755391036
785	1962.5	329.55188441627644	97266.57684847784	97266.57684866662	97266.57684852889
786	1965.0	329.97169573400413	97328.67657597642	97328.6765761607	97328.67657603041
787	1967.5	330.3915070517319	97390.73681183798	97390.7368120218	97390.7368118851
788	1970.0	330.8113183694596	97452.75763131349	97452.75763150779	97452.75763136207
789	1972.5	331.2311296871873	97514.73910941074	97514.73910960846	97514.73910946572
790	1975.0	331.6509410049151	97576.68132090669	97576.68132110212	97576.68132095654
791	1977.5	332.0707523226428	97638.58434032556	97638.58434052818	97638.5843403778
792	1980.0	332.4905636403706	97700.44824197007	97700.44824217916	97700.44824202491
793	1982.5	332.9103749580983	97762.27309990984	97762.2731001169	97762.27309995944
794	1985.0	333.33018627582607	97824.05898796683	97824.05898818697	97824.05898802113
795	1987.5	333.7499975935538	97885.80597974431	97885.80597997132	97885.80597980205
796	1990.0	334.16980891128156	97947.51414861421	97947.51414884004	97947.51414866801
797	1992.5	334.5896202290093	98009.18356770289	98009.1835679281	98009.18356776102
798	1995.0	335.009431546737	98070.81430992285	98070.8143101578	98070.81430998309
799	1997.5	335.42924286446475	98132.40644795615	98132.40644819954	98132.4064480194
800	2000.0	335.8490541821925	98193.96005425368	98193.96005450205	98193.9600543158
801	2002.5	336.2688654999203	98255.47520104122	98255.47520129265	98255.47520110215
802	2005.0	336.68867681764794	98316.95196031762	98316.95196057262	98316.95196037629
803	2007.5	337.10848813537575	98378.39040384848	98378.39040410408	98378.39040391415
804	2010.0	337.5282994531035	98439.79060320594	98439.79060346482	98439.79060326984
805	2012.5	337.94811077083125	98501.15262970357	98501.15262997137	98501.15262976973
806	2015.0	338.36792208855894	98562.47655445598	98562.47655471945	98562.47655452372
807	2017.5	338.7877334062867	98623.76244835589	98623.7624486283	98623.76244842212
808	2020.0	339.20754472401444	98685.0103820652	98685.0103823397	98685.01038212974
809	2022.5	339.6273560417422	98746.22042603134	98746.22042631476	98746.22042609986
810	2025.0	340.04716735946994	98807.392650493	98807.39265077902	98807.39265056363
811	2027.5	340.46697867719763	98868.5271254626	98868.52712576141	98868.52712553267
812	2030.0	340.88678999492544	98929.62392073858	98929.62392104678	98929.6239208155
813	2032.5	341.30660131265313	98990.68310591202	98990.68310622552	98990.6831059851
814	2035.0	341.72641263038093	99051.70475034766	99051.70475066506	99051.70475042252
815	2037.5	342.14622394810857	99112.68892320964	99112.68892352504	99112.68892328127
816	2040.0	342.5660352658364	99173.63569343399	99173.63569376252	99173.63569350453
817	2042.5	342.9858465835641	99234.54512976266	99234.5451300874	99234.54512983843
818	2045.0	343.4056579012918	99295.41730071811	99295.41730105775	99295.41730079445
819	2047.5	343.82546921901957	99356.25227461223	99356.25227495297	99356.25227469447
820	2050.0	344.2452805367473	99417.05011956114	99417.05011990882	99417.05011964051
821	2052.5	344.66509185447507	99477.81090345673	99477.81090380896	99477.81090353703
822	2055.0	345.0849031722028	99538.53469398936	99538.53469434526	99538.53469407244
823	2057.5	345.50471448993056	99599.22155864803	99599.22155901325	99599.22155873013
824	2060.0	345.92452580765826	99659.87156472032	99659.87156509195	99659.87156480635
825	2062.5	346.34433712538606	99720.48477927239	99720.48477965622	99720.48477937056
826	2065.0	346.76414844311375	99781.06126918651	99781.06126956995	99781.06126928318
827	2067.5	347.18395976084156	99841.60110112898	99841.6011015277	99841.60110122568
828	2070.0	347.60377107856925	99902.10434158756	99902.10434199471	99902.10434168264
829	2072.5	348.02358239629694	99962.57105680981	99962.57105720734	99962.57105689838
830	2075.0	348.44339371402475	100023.00131287759	100023.00131329229	100023.00131296786
831	2077.5	348.86320503175244	100083.39517565213	100083.39517607873	100083.39517574763
832	2080.0	349.2830163494802	100143.75271081955	100143.7527112495	100143.75271092638
833	2082.5	349.70282766720794	100204.07398384696	100204.0739842912	100204.073983947
834	2085.0	350.1226389849357	100264.3590600103	100264.35906046582	100264.35906012483
835	2087.5	350.54245030266344	100324.60800440233	100324.60800486513	100324.60800451454
836	2090.0	350.96226162039125	100384.82088191394	100384.82088237583	100384.82088202739
837	2092.5	351.3820729381189	100444.99775722959	100444.99775770053	100444.9977573391
838	2095.0	351.8018842558467	100505.13869485901	100505.13869533995	100505.13869496468
839	2097.5	352.2216955735744	100565.24375910628	100565.2437595926	100565.24375921868
840	2100.0	352.64150689130213	100625.31301409045	100625.31301458762	100625.31301419805
841	2102.5	353.0613182090299	100685.34652373935	100685.3465242327	100685.34652386063
842	2105.0	353.48112952675757	100745.34435178606	100745.34435229948	100745.34435189673
843	2107.5	353.9009408444854	100805.30656178638	100805.30656230927	100805.30656191448
844	2110.0	354.3207521622131	100865.23321709335	100865.23321762228	100865.23321722214
845	2112.5	354.7405634799408	100925.12438088046	100925.1243814131	100925.12438100512
846	2115.0	355.16037479766857	100984.98011613208	100984.98011668582	100984.9801162559
847	2117.5	355.5801861153963	101044.80048564849	101044.80048620485	101044.80048577006
848	2120.0	355.99999743312407	101104.58555204228	101104.58555261696	101104.5855521745
849	2122.5	356.4198087508518	101164.33537774028	101164.33537831984	101164.33537787094
850	2125.0	356.8396200685795	101224.05002499424	101224.05002559083	101224.05002513136
851	2127.5	357.25943138630726	101283.72955585999	101283.72955645688	101283.72955600312
852	2130.0	357.67924270403506	101343.37403221717	101343.37403282867	101343.37403235979
853	2132.5	358.09905402176275	101402.98351576434	101402.98351638953	101402.98351591792
854	2135.0	358.5188653394905	101462.55806802717	101462.55806866082	101462.55806818315
855	2137.5	358.93867665721825	101522.09775033456	101522.09775098563	101522.09775049194
856	2140.0	359.358487974946	101581.60262384593	101581.60262451267	101581.6026239963
857	2142.5	359.77829929267375	101641.0727495444	101641.07275022448	101641.07274970424
858	2145.0	360.19811061040144	101700.50818823547	101700.50818892017	101700.50818839615
859	2147.5	360.6179219281292	101759.90900052471	101759.90900123499	101759.90900069725
860	2150.0	361.03773324585694	101819.27524688629	101819.27524759596	101819.27524705662
861	2152.5	361.4575445635847	101878.60698757898	101878.60698830003	101878.60698775006
862	2155.0	361.87735588131244	101937.90428270488	101937.9042834241	101937.90428287536
863	2157.5	362.2971671990402	101997.16719217825	101997.167192922	101997.16719235368
864	2160.0	362.7169785167679	102056.39577575527	102056.39577651396	102056.39577592773
865	2162.5	363.1367898344957	102115.59009301738	102115.59009379514	102115.59009319925
866	2165.0	363.5566011522234	102174.75020336443	102174.75020414549	102174.75020355209
867	2167.5	363.97641246995113	102233.87616603544	102233.8761668313	102233.87616621757
868	2170.0	364.3962237876789	102292.96804007588	102292.96804089681	102292.9680402683
869	2172.5	364.8160351054066	102352.02588440769	102352.02588523032	102352.02588460213
870	2175.0	365.2358464231344	102411.0497577286	102411.04975857079	102411.0497579295
871	2177.5	365.65565774086207	102470.03971860762	102470.03971945301	102470.0397188038
872	2180.0	366.0754690585898	102528.99582541677	102528.99582629545	102528.99582562206
873	2182.5	366.49528037631757	102587.91813639527	102587.91813727692	102587.91813660665
874	2185.0	366.9150916940453	102646.806709584	102646.80671048026	102646.80670979233
875	2187.5	367.33490301177306	102705.66160286317	102705.66160378042	102705.66160308105
876	2190.0	367.7547143295008	102764.48287396891	102764.4828749003	102764.48287418259
877	2192.5	368.1745256472285	102823.2705804454	102823.27058140059	102823.27058067304
878	2195.0	368.5943369649563	102882.02477969436	102882.02478065835	102882.02477991645
879	2197.5	369.01414828268406	102940.74552893914	102940.7455299197	102940.74552917504
880	2200.0	369.43395960041175	102999.43288525027	102999.43288624795	102999.43288548377
881	2202.5	369.8537709181395	103058.08690552195	103058.0869065478	103058.08690575414
882	2205.0	370.2735822358672	103116.70764651854	103116.70764754659	103116.70764675728
883	2207.5	370.693393553595	103175.29516479939	103175.29516585417	103175.29516505147
884	2210.0	371.1132048713227	103233.84951679061	103233.84951786323	103233.84951704681
885	2212.5	371.53301618905044	103292.37075876856	103292.37075985536	103292.37075902132
886	2215.0	371.9528275067782	103350.85894682075	103350.85894792606	103350.85894708075
887	2217.5	372.372638824506	103409.31413690033	103409.31413802535	103409.3141371763
888	2220.0	372.7924501422337	103467.73638480216	103467.73638595283	103467.73638506692
889	2222.5	373.21226145996144	103526.12574614768	103526.12574729521	103526.12574642125
890	2225.0	373.63207277768913	103584.48227639555	103584.48227758436	103584.48227667563
891	2227.5	374.05188409541694	103642.80603090073	103642.80603210347	103642.80603118826
892	2230.0	374.4716954131447	103701.09706480156	103701.09706601485	103701.09706509103
893	2232.5	374.8915067308723	103759.35543310877	103759.35543434981	103759.35543339964
894	2235.0	375.3113180486001	103817.58119067638	103817.58119193521	103817.58119096955
895	2237.5	375.7311293663279	103875.77439220836	103875.77439348747	103875.77439252003
896	2240.0	376.1509406840556	103933.9350922685	103933.93509356864	103933.93509256864
897	2242.5	376.5707520017833	103992.06334522991	103992.06334654929	103992.06334554518
898	2245.0	376.9905633195111	104050.15920534641	104050.15920668775	104050.15920565881
899	2247.5	377.4103746372388	104108.22272671004	104108.22272808597	104108.22272703229
900	2250.0	377.8301859549666	104166.25396327568	104166.25396466134	104166.25396360455
901	2252.5	378.2499972726943	104224.25296882447	104224.2529702271	104224.25296914885
902	2255.0	378.66980859042206	104282.21979699672	104282.21979843063	104282.21979733589
903	2257.5	379.0896199081498	104340.15450130314	104340.15450276122	104340.15450164795
904	2260.0	379.5094312258775	104398.05713508795	104398.0571365598	104398.0571354304
905	2262.5	379.9292425436053	104455.92775154061	104455.92775304517	104455.92775189904
906	2265.0	380.349053861333	104513.76640373062	104513.7664052504	104513.76640408003
907	2267.5	380.76886517906075	104571.57314454204	104571.57314609777	104571.57314491164
908	2270.0	381.1886764967885	104629.34802676522	104629.34802834019	104629.34802712352
909	2272.5	381.60848781451625	104687.09110299456	104687.09110459183	104687.09110336826
910	2275.0	382.02829913224394	104744.80242570762	104744.80242733551	104744.80242608499
911	2277.5	382.44811044997175	104802.48204722496	104802.48204888529	104802.48204761672
912	2280.0	382.86792176769944	104860.13001974788	104860.13002143377	104860.13002014297
913	2282.5	383.2877330854272	104917.74639531161	104917.74639702476	104917.74639570761
914	2285.0	383.707544403155	104975.33122580373	104975.33122752889	104975.33122620315
915	2287.5	384.12735572088263	105032.88456298003	105032.88456473548	105032.8845633909
916	2290.0	384.54716703861044	105090.40645847275	105090.40646026298	105090.40645888429
917	2292.5	384.96697835633813	105147.89696373993	105147.89696555465	105147.8969641576
918	2295.0	385.38678967406594	105205.35613010943	105205.35613195082	105205.35613054353
919	2297.5	385.80660099179363	105262.78400879446	105262.78401067485	105262.7840092357
920	2300.0	386.2264123095214	105320.18065085162	105320.18065275226	105320.18065129466
921	2302.5	386.6462236272491	105377.54610717733	105377.54610910645	105377.54610762789
922	2305.0	387.06603494497693	105434.88042855421	105434.8804305142	105434.88042901197
923	2307.5	387.4858462627046	105492.18366563582	105492.18366763287	105492.18366610115
924	2310.0	387.9056575804323	105549.4558689115	105549.4558709338	105549.4558693736
925	2312.5	388.32546889816007	105606.6970887605	105606.69709082205	105606.69708923386
926	2315.0	388.7452802158878	105663.90737539581	105663.90737748842	105663.90737588178
927	2317.5	389.1650915336156	105721.08677892348	105721.08678105993	105721.08677942313
928	2320.0	389.58490285134326	105778.23534931635	105778.23535145575	105778.23534980969
929	2322.5	390.00471416907106	105835.35313636709	105835.3531385597	105835.35313687588
930	2325.0	390.4245254867988	105892.44018979542	105892.4401920147	105892.44019030852
931	2327.5	390.84433680452656	105949.49655914839	105949.49656140526	105949.49655966864
932	2330.0	391.26414812225426	106006.52229384745	106006.52229613552	106006.52229438077
933	2332.5	391.683959439982	106063.51744319273	106063.51744551654	106063.51744372532
934	2335.0	392.10377075770975	106120.4820563285	106120.48205869486	106120.48205688717
935	2337.5	392.5235820754375	106177.41618230863	106177.41618470888	106177.41618286623
936	2340.0	392.94339339316525	106234.31987001252	106234.31987244752	106234.31987056925
937	2342.5	393.36320471089294	106291.19316820694	106291.19317068894	106291.1931687838
938	2345.0	393.78301602862075	106348.03612553624	106348.03612804193	106348.03612612048
939	2347.5	394.20282734634844	106404.84879050139	106404.84879305284	106404.84879109218
940	2350.0	394.62263866407625	106461.63121148547	106461.63121407414	106461.63121208841
941	2352.5	395.0424499818039	106518.38343672629	106518.38343936259	106518.38343734741
942	2355.0	395.4622612995317	106575.10551437474	106575.10551704129	106575.10551498906
943	2357.5	395.88207261725944	106631.79749238747	106631.79749509785	106631.79749301975
944	2360.0	396.3018839349872	106688.45941865035	106688.45942140318	106688.45941928972
945	2362.5	396.7216952527149	106745.09134090677	106745.09134369677	106745.09134155347
946	2365.0	397.14150657044263	106801.69330675682	106801.69330959034	106801.69330741417
947	2367.5	397.5613178881704	106858.26536369341	106858.265366574	106858.26536436264
948	2370.0	397.9811292058981	106914.80755908853	106914.80756200397	106914.80755975643
949	2372.5	398.4009405236259	106971.3199401627	106971.3199431261	106971.31994084409
950	2375.0	398.82075184135357	107027.80255403779	107027.80255704958	107027.80255474425
951	2377.5	399.2405631590814	107084.25544771184	107084.25545076374	107084.25544841829
952	2380.0	399.66037447680907	107140.6786680337	107140.67867112887	107140.6786687558
953	2382.5	400.0801857945369	107197.07226175307	107197.07226489669	107197.07226245545
954	2385.0	400.49999711226457	107253.43627549149	107253.43627868193	107253.43627622332
955	2387.5	400.9198084299923	107309.77075573444	107309.77075898259	107309.77075648778
956	2390.0	401.33961974772006	107366.07574888326	107366.07575217493	107366.07574965026
957	2392.5	401.75943106544776	107422.35130117052	107422.3513045125	107422.35130195017
958	2395.0	402.1792423831755	107478.59745874783	107478.59746213237	107478.59745953868
959	2397.5	402.59905370090326	107534.81426760709	107534.81427105064	107534.81426841629
960	2400.0	403.018865018631	107591.0017736643	107591.00177714993	107591.00177446866
961	2402.5	403.43867633635875	107647.16002267772	107647.16002621781	107647.16002349892
962	2405.0	403.85848765408656	107703.28906031	107703.28906390147	107703.2890611514
963	2407.5	404.2782989718142	107759.38893208664	107759.38893574104	107759.38893294377
964	2410.0	404.698110289542	107815.45968344614	107815.45968715141	107815.45968431156
965	2412.5	405.11792160726975	107871.50135968138	107871.50136343489	107871.50136054856
966	2415.0	405.53773292499744	107927.51400596822	107927.51400977535	107927.51400685456
967	2417.5	405.9575442427252	107983.49766737848	107983.49767124237	107983.49766827495
968	2420.0	406.3773555604529	108039.45238885909	108039.45239277928	108039.45238976975
969	2422.5	406.7971668781807	108095.37821525101	108095.37821922507	108095.37821617375
970	2425.0	407.21697819590844	108151.27519126123	108151.27519529317	108151.27519219877
971	2427.5	407.63678951363613	108207.14336149664	108207.1433655937	108207.1433624431
972	2430.0	408.0566008313639	108262.98277045172	108262.98277460996	108262.98277142037
973	2432.5	408.4764121490917	108318.79346249682	108318.79346671421	108318.79346348198
974	2435.0	408.8962234668194	108374.57548189786	108374.57548617147	108374.57548289277
975	2437.5	409.3160347845472	108430.3288727869	108430.32887712555	108430.3288737966
976	2440.0	409.7358461022748	108486.05367919547	108486.05368360801	108486.0536802319
977	2442.5	410.15565742000257	108541.74994508298	108541.74994954039	108541.74994611614
978	2445.0	410.5754687377304	108597.41771420462	108597.4177187311	108597.41771525746
979	2447.5	410.99528005545807	108653.05703028596	108653.05703487672	108653.05703135241
980	2450.0	411.4150913731858	108708.66793690198	108708.66794155733	108708.66793798433
981	2452.5	411.83490269091357	108764.25047753254	108764.25048225223	108764.25047862885
982	2455.0	412.2547140086413	108819.80469552676	108819.80470032056	108819.80469664479
983	2457.5	412.67452532636906	108875.33063415752	108875.33063901712	108875.33063528732
984	2460.0	413.09433664409676	108930.82833655615	108930.82834148128	108930.82833769728
985	2462.5	413.5141479618245	108986.29784575077	108986.29785074524	108986.2978469089
986	2465.0	413.9339592795523	109041.73920466656	109041.7392097351	109041.73920584595
987	2467.5	414.35377059728	109097.15245612744	109097.1524612636	109097.15245731974
988	2470.0	414.77358191500775	109152.53764282614	109152.5376480379	109152.53764403755
989	2472.5	415.1933932327355	109207.8948073752	109207.89481265341	109207.89480859849
990	2475.0	415.6132045504632	109263.22399224399	109263.22399760634	109263.22399349391
991	2477.5	416.033015868191	109318.52523984305	109318.52524527657	109318.52524110508
992	2480.0	416.4528271859187	109373.79859242045	109373.79859794036	109373.79859370991
993	2482.5	416.87263850364644	109429.0440921729	109429.04409776595	109429.04409347782
994	2485.0	417.2924498213742	109484.26178115957	109484.26178682115	109484.26178247113
995	2487.5	417.71226113910194	109539.45170130857	109539.451707065	109539.45170264979
996	2490.0	418.1320724568297	109594.61389451388	109594.613900347	109594.61389586484
997	2492.5	418.55188377455744	109649.74840249249	109649.748408401	109649.74840386579
998	2495.0	418.97169509228513	109704.85526690095	109704.85527289334	109704.85526829268
999	2497.5	419.3915064100129	109759.93452927408	109759.93453534722	109759.93453068359
1000	2500.0	419.81131772774063	109814.98623104767	109814.98623719327	109814.98623247819
