	Lattice depth (Er)	Lattice depth (uK)	Excitation freq. min (Hz)	Excitation freq. max (Hz)	Excitation freq. (Hz)
0	0.0	0.0	6083.440713079924	12166.881426159847	6083.440713079924
1	15.0	1.459796018506402	20150.113391659335	22853.06602465008	20150.113391659335
2	30.0	2.919592037012804	32933.23830694047	33341.242231118544	32933.23830694047
3	45.0	4.379388055519206	41962.08505345443	42020.78670106708	41962.08505345443
4	60.0	5.839184074025608	49378.79087923955	49388.553114182374	49378.79087923955
5	75.0	7.29898009253201	55868.212842924455	55870.07230536651	55868.212842924455
6	90.0	8.758776111038411	61718.889016146764	61719.28538899246	61718.889016146764
7	105.0	10.218572129544814	67090.91180802957	67091.00455709576	67090.91180802957
8	120.0	11.678368148051216	72086.05225324865	72086.0757245141	72086.05225324865
9	135.0	13.138164166557617	76774.21843052303	76774.22478084613	76774.21843052303
10	150.0	14.59796018506402	81205.98979279495	81205.9916132507	81205.98979279495
11	165.0	16.057756203570424	85419.38996207701	85419.3905110798	85419.38996207701
12	180.0	17.517552222076823	89443.86922667922	89443.8693998423	89443.86922667922
13	195.0	18.977348240583225	93302.79262469994	93302.79268155183	93302.79262469994
14	210.0	20.437144259089628	97015.0687453204	97015.06876467075	97015.0687453204
15	225.0	21.89694027759603	100596.25693829896	100596.25694510544	100596.25693829896
16	240.0	23.356736296102433	104059.34384279624	104059.34384526323	104059.34384279624
17	255.0	24.816532314608832	107415.3025775762	107415.30257849426	107415.3025775762
18	270.0	26.276328333115234	110673.50465967307	110673.50466002419	110673.50465967352
19	285.0	27.736124351621637	113842.02947536332	113842.02947550197	113842.02947536332
20	300.0	29.19592037012804	116927.90083675168	116927.90083680724	116927.90083675233
21	315.0	30.65571638863444	119937.27058983107	119937.27058985585	119937.27058983248
22	330.0	32.11551240714085	122875.56308120592	122875.56308121799	122875.56308120798
23	345.0	33.57530842564724	125747.59022589128	125747.59022589805	125747.59022589178
24	360.0	35.035104444153646	128557.64417550217	128557.64417550643	128557.64417550403
25	375.0	36.49490046266005	131309.57269757404	131309.57269757768	131309.57269757582
26	390.0	37.95469648116645	134006.84105300668	134006.84105301122	134006.84105301026
27	405.0	39.41449249967285	136652.58321545427	136652.58321545797	136652.58321545602
28	420.0	40.874288518179256	139249.6445944825	139249.6445944863	139249.64459448258
29	435.0	42.33408453668565	141800.61792434822	141800.6179243522	141800.61792434953
30	450.0	43.79388055519206	144307.8736091732	144307.87360917748	144307.8736091746
31	465.0	45.25367657369846	146773.58553666555	146773.58553667023	146773.58553666726
32	480.0	46.713472592204866	149199.75316110454	149199.7531611086	149199.75316110693
33	495.0	48.17326861071126	151588.220494247	151588.2204942511	151588.22049424867
34	510.0	49.633064629217664	153940.6925174878	153940.69251749286	153940.69251748992
35	525.0	51.09286064772407	156258.74943080393	156258.74943080725	156258.74943080547
36	540.0	52.55265666623047	158543.85907712227	158543.85907712582	158543.85907712317
37	555.0	54.01245268473687	160797.38781983647	160797.38781984022	160797.3878198374
38	570.0	55.472248703243274	163020.61010254733	163020.61010255123	163020.61010254888
39	585.0	56.932044721749676	165214.7168810761	165214.71688108068	165214.71688107945
40	600.0	58.39184074025608	167380.82308621815	167380.82308622374	167380.82308622022
41	615.0	59.85163675876248	169519.9742500449	169519.97425004872	169519.97425004767
42	630.0	61.31143277726888	171633.15240757124	171633.1524075755	171633.15240757482
43	645.0	62.77122879577528	173721.28136836464	173721.28136836964	173721.28136836644
44	660.0	64.2310248142817	175785.23143840334	175785.2314384071	175785.23143840535
45	675.0	65.69082083278808	177825.823660693	177825.8236606969	177825.82366069613
46	690.0	67.15061685129449	179843.83363324925	179843.8336332537	179843.83363325076
47	705.0	68.6104128698009	181839.99495484075	181839.99495484514	181839.9949548433
48	720.0	70.07020888830729	183815.00234189132	183815.0023418953	183815.00234189295
49	735.0	71.5300049068137	185769.5144541231	185769.51445412776	185769.514454126
50	750.0	72.9898009253201	187704.1564615289	187704.15646153304	187704.15646153004
51	765.0	74.4495969438265	189619.5223810273	189619.52238103087	189619.52238102927
52	780.0	75.9093929623329	191516.17720759104	191516.17720759643	191516.17720759104
53	795.0	77.3691889808393	193394.65886150702	193394.65886151086	193394.65886150926
54	810.0	78.8289849993457	195255.4799707837	195255.47997078768	195255.47997078468
55	825.0	80.28878101785212	197099.12950547834	197099.12950548355	197099.12950548355
56	840.0	81.74857703635851	198926.07427869074	198926.0742786951	198926.07427869283
57	855.0	83.20837305486491	200736.76032727357	200736.76032727776	200736.76032727407
58	870.0	84.6681690733713	202531.6141838587	202531.61418386304	202531.61418386208
59	885.0	86.12796509187773	204311.04405046732	204311.04405047142	204311.044050469
60	900.0	87.58776111038412	206075.44088283624	206075.44088284145	206075.44088283964
61	915.0	89.0475571288905	207825.17939366144	207825.1793936675	207825.17939366307
62	930.0	90.50735314739693	209560.61898201125	209560.618982017	209560.61898201462
63	945.0	91.96714916590332	211282.1045954626	211282.10459546797	211282.1045954628
64	960.0	93.42694518440973	212989.9675308255	212989.96753083137	212989.96753082663
65	975.0	94.88674120291613	214684.5261787	214684.52617870897	214684.52617870324
66	990.0	96.34653722142252	216366.08671662287	216366.0867166313	216366.08671662572
67	1005.0	97.80633323992893	218034.94375506573	218034.9437550766	218034.9437550701
68	1020.0	99.26612925843533	219691.38094016173	219691.38094017346	219691.38094016383
69	1035.0	100.72592527694174	221335.6715166302	221335.67151664512	221335.6715166351
70	1050.0	102.18572129544815	222968.07885409205	222968.07885410916	222968.0788540949
71	1065.0	103.64551731395454	224588.85693961682	224588.8569396406	224588.85693962037
72	1080.0	105.10531333246094	226198.25083913511	226198.2508391606	226198.25083913826
73	1095.0	106.56510935096733	227796.49713006863	227796.49713010277	227796.49713007317
74	1110.0	108.02490536947374	229383.82430736968	229383.82430741072	229383.82430737626
75	1125.0	109.48470138798015	230960.45316490324	230960.45316495502	230960.45316491148
76	1140.0	110.94449740648655	232526.59715401725	232526.59715408232	232526.59715402656
77	1155.0	112.40429342499296	234082.46272091268	234082.46272098811	234082.4627209232
78	1170.0	113.86408944349935	235628.24962434857	235628.24962444295	235628.24962436254
79	1185.0	115.32388546200575	237164.15123506103	237164.15123517558	237164.15123507744
80	1200.0	116.78368148051216	238690.35481815247	238690.35481828928	238690.3548181718
81	1215.0	118.24347749901857	240207.04179963653	240207.0417998059	240207.04179966098
82	1230.0	119.70327351752496	241714.38801820992	241714.38801841417	241714.38801823923
83	1245.0	121.16306953603136	243212.56396322354	243212.56396346953	243212.5639632582
84	1260.0	122.62286555453775	244701.7349997925	244701.73500008683	244701.73499983354
85	1275.0	124.08266157304415	246182.06158185974	246182.06158221507	246182.06158190942
86	1290.0	125.54245759155056	247653.69945400965	247653.69945443454	247653.69945406998
87	1305.0	127.00225361005697	249116.799842736	249116.7998432435	249116.7998428091
88	1320.0	128.4620496285634	250571.50963784877	250571.50963845098	250571.50963793707
89	1335.0	129.92184564706977	252017.97156460048	252017.9715653145	252017.97156470525
90	1350.0	131.38164166557615	253456.32434715066	253456.3243479921	253456.3243472744
91	1365.0	132.84143768408256	254886.70286385543	254886.70286484843	254886.70286400052
92	1380.0	134.30123370258897	256309.2382949002	256309.23829606795	256309.2382950713
93	1395.0	135.76102972109538	257724.05826272542	257724.0582640963	257724.05826292807
94	1410.0	137.2208257396018	259131.28696566226	259131.28696726536	259131.2869658997
95	1425.0	138.68062175810817	260531.0453051923	260531.04530706638	260531.04530547102
96	1440.0	140.14041777661458	261923.4510071828	261923.45100936719	261923.45100750864
97	1455.0	141.600213795121	263308.61873745534	263308.6187399932	263308.6187378382
98	1470.0	143.0600098136274	264686.6602119974	264686.66021493904	264686.6602124418
99	1485.0	144.51980583213378	266057.68430211983	266057.68430552876	266057.6843026345
100	1500.0	145.9796018506402	267421.7971348589	267421.7971387953	267421.79713545827
